7.883511 0.125293 86.664558
7.882841 0.123747 87.433669
7.873639 0.114593 96.295988
7.965691 0.130300 30.251496
7.966475 0.129541 29.759614
7.961784 0.128295 33.837389
7.874129 0.116239 94.528431
7.889385 0.129038 82.104045
7.886924 0.128388 83.621557
7.881021 0.122327 88.955086
7.885412 0.127805 84.628867
7.971628 0.131084 25.212901
7.871709 0.113244 97.814658
7.880973 0.122383 89.203577
7.882399 0.125393 87.163349
7.882685 0.123906 87.684944
7.965333 0.129373 30.750498
7.882090 0.124545 87.682462
7.875025 0.116421 94.779393
7.867480 0.107831 102.364787
7.884741 0.126225 85.649876
7.875380 0.116096 94.777919
7.883124 0.125714 86.663625
7.877849 0.118989 90.001186
7.875769 0.117821 91.016955
7.879699 0.121489 89.218347
7.878815 0.120190 88.486194
7.879515 0.120559 87.982360
7.867343 0.106937 98.877194
7.866671 0.105524 101.140095
7.881727 0.121566 86.713299
7.881161 0.121056 85.970369
7.879906 0.119092 88.739958
7.875589 0.113773 91.807131
7.882916 0.122514 86.201698
7.870377 0.109319 98.357188
7.887699 0.125068 83.921221
7.882625 0.120580 87.228435
7.880241 0.118713 90.751263
7.873881 0.111253 96.583694
7.887504 0.124163 84.177507
7.885448 0.121987 86.699690
7.881690 0.118327 90.745825
7.799863 0.118640 0.340821
7.895855 0.128133 79.103795
7.821245 0.109606 0.734834
7.811063 0.115582 0.793931
7.988032 0.139613 3.149407
7.256999 0.000000 180.000000
7.313352 0.000000 nan
7.332179 0.000000 179.999999
7.314638 0.000000 179.750000
7.309793 0.000000 180.000000
7.293839 0.000000 179.749999
7.290196 0.000000 179.999999
7.278841 0.000000 nan
7.281865 0.000000 179.749999
7.282433 0.000000 nan
7.282169 0.000000 nan
7.847820 0.111127 102.861841
7.856266 0.104637 100.695558
7.871346 0.125392 92.235521
7.875288 0.124737 90.744235
7.872059 0.123510 92.509544
7.950875 0.135192 40.469726
7.289188 0.000000 nan
7.963949 0.149619 1.797348
7.285611 0.000000 180.000000
7.281905 0.000000 179.750000
7.275982 0.000000 179.750000
7.279601 0.000000 179.999999
7.277491 0.000000 179.750000
7.266902 0.000000 179.750000
7.258543 0.000000 nan
7.279701 0.000000 179.749999
7.953947 0.138289 37.418632
7.279824 0.000000 179.750000
7.284290 0.000000 nan
7.292097 0.000000 nan
7.292914 0.000000 179.749999
7.293610 0.000000 nan
7.300475 0.000000 179.999999
7.945544 0.137041 43.671636
7.291265 0.000000 180.000000
7.289530 0.000000 179.999999
7.277620 0.000000 nan
7.264850 0.000000 179.999999
7.961210 0.139353 31.804980
7.864531 0.113191 100.369631
7.874691 0.125361 90.738030
7.877965 0.127699 88.200793
7.871042 0.121158 94.286258
7.866406 0.115759 98.841116
7.874647 0.123126 91.763444
7.874293 0.125754 90.739309
7.870058 0.120994 94.792195
7.873388 0.123301 92.258971
7.871510 0.121805 93.780023
7.864154 0.114557 100.359544
7.229145 0.000000 179.999999
7.873854 0.127353 90.227191
7.878602 0.130471 86.686944
7.332387 0.000000 nan
7.370341 0.000000 nan
7.956385 0.144646 34.029770
7.408531 0.000000 nan
7.929305 0.137154 54.518493
7.933139 0.138933 51.699015
7.357834 0.000000 180.000000
7.339052 0.000000 179.999999
7.336554 0.000000 nan
7.361077 0.000000 nan
7.383411 0.000000 180.000000
7.410362 0.000000 180.000000
7.943863 0.156583 39.473302
7.961301 0.163089 26.598709
7.951364 0.183587 2.337859
7.947759 0.186856 2.619989
7.935982 0.194073 2.506004
7.419534 0.000000 nan
7.927096 0.202303 2.067727
7.396049 0.000000 179.750000
7.951635 0.180714 29.733091
7.376580 0.000000 179.249999
7.353956 0.000000 179.999999
7.344807 0.000000 180.000000
7.341183 0.000000 179.750000
7.325585 0.000000 180.000000
7.314007 0.000000 179.999999
7.309862 0.000000 nan
7.748186 0.310876 3.007943
7.296258 0.000000 180.000000
-nan -nan -nan
-nan -nan -nan
-nan -nan -nan
-nan -nan -nan
7.205557 0.003787 179.476914
7.181071 0.019567 177.381279
7.158525 -0.004028 179.725747
7.134263 -0.004153 179.725159
7.101360 0.000000 179.999999
7.062436 0.000000 nan
7.016501 0.000000 179.999999
6.987615 0.000000 180.000000
6.953883 0.000000 179.999999
6.921057 0.000000 179.750000
6.885291 0.000000 179.999999
7.760941 0.493049 52.116835
7.674182 0.467364 70.881910
7.658135 0.484875 71.686045
7.629713 0.494817 75.058670
7.621996 0.517578 73.891891
7.606791 0.535775 74.275157
7.853914 0.793896 -22.073569
7.553048 0.908909 14.685437
7.512571 0.954451 15.552932
6.631522 0.000000 180.000000
6.593604 0.000000 nan
6.552957 0.000000 179.499999
6.513122 0.000000 180.000000
-nan -nan -nan
-nan -nan -nan
-nan -nan -nan
6.375281 0.000000 nan
6.344707 0.000000 180.000000
6.318066 0.000000 nan
6.298842 0.000000 179.999999
-nan -nan -nan
-nan -nan -nan
-nan -nan -nan
-nan -nan -nan
-nan -nan -nan
-nan -nan -nan
-nan -nan -nan
-nan -nan -nan
-nan -nan -nan
-nan -nan -nan
-nan -nan -nan
-nan -nan -nan
-nan -nan -nan
-nan -nan -nan
-nan -nan -nan
-nan -nan -nan
-nan -nan -nan
-nan -nan -nan
-nan -nan -nan
-nan -nan -nan
-nan -nan -nan
-nan -nan -nan
6.176948 0.000000 nan
-nan -nan -nan
-nan -nan -nan
-nan -nan -nan
-nan -nan -nan
-nan -nan -nan
-nan -nan -nan
-nan -nan -nan
-nan -nan -nan
-nan -nan -nan
-nan -nan -nan
-nan -nan -nan
-nan -nan -nan
-nan -nan -nan
-nan -nan -nan
-nan -nan -nan
-nan -nan -nan
-nan -nan -nan
-nan -nan -nan
-nan -nan -nan
-nan -nan -nan
-nan -nan -nan
-nan -nan -nan
-nan -nan -nan
-nan -nan -nan
-nan -nan -nan
-nan -nan -nan
-nan -nan -nan
6.145680 0.000000 nan
-nan -nan -nan
-nan -nan -nan
6.084904 0.000000 nan
-nan -nan -nan
6.083112 0.000000 180.000000
-nan -nan -nan
6.100760 0.000000 179.999999
6.128196 0.000000 nan
-nan -nan -nan
-nan -nan -nan
6.102451 0.000000 180.000000
6.045851 0.000000 nan
5.965124 0.000000 180.000000
5.889820 0.000000 180.000000
5.812142 0.000000 180.000000
5.747227 0.000000 180.000000
5.673670 0.000000 180.000000
5.576253 0.000000 180.000000
5.487092 0.000000 180.000000
5.395181 0.000000 180.000000
5.311537 0.000000 180.000000
5.247842 0.000000 180.000000
5.228236 0.000000 180.000000
5.258667 0.000000 180.000000
5.272775 0.000000 180.000000
5.286838 0.000000 180.000000
5.296447 0.000000 180.000000
5.311347 0.000000 180.000000
5.438174 0.000000 180.000000
5.932324 0.213062 169.366756
6.188881 0.123764 172.840741
6.227353 0.000000 nan
6.271554 0.000000 nan
6.328635 0.000000 nan
6.342222 0.000000 179.999999
6.344262 0.000000 nan
6.440112 0.000000 nan
6.527865 0.000000 179.749999
6.599407 0.000000 179.500000
6.603820 0.000000 179.750000
6.610652 0.000000 nan
6.670870 0.000000 179.999999
6.733907 0.000000 180.000000
6.796440 0.000000 179.749999
6.825888 0.000000 180.000000
6.841059 0.000000 179.999999
6.835588 0.000000 nan
6.816981 0.000000 nan
1.298034 0.621546 24.201497
6.729938 0.000000 179.750000
6.668299 0.000000 nan
6.578576 0.000000 179.500000
6.462415 0.000000 179.750000
2.046353 0.778512 20.300148
2.092614 1.214587 16.881620
-nan -nan -nan
2.503080 1.347453 15.476739
2.589421 1.377227 14.969018
2.528557 1.338350 14.504978
-nan -nan -nan
2.442351 1.223722 14.332362
2.523676 1.157503 14.315336
5.102159 0.000000 168.750000
2.344805 1.095689 15.534857
2.431472 1.124526 15.083059
2.526438 1.170951 14.424811
2.444506 1.234590 14.220838
2.557432 1.357655 12.993358
2.686778 1.554008 12.946892
2.520267 0.905442 20.367527
-nan -nan -nan
-nan -nan -nan
6.537782 0.000000 nan
-nan -nan -nan
6.691508 1.174555 13.337577
-nan -nan -nan
-nan -nan -nan
2.463270 0.952496 21.488822
-nan -nan -nan
-nan -nan -nan
2.676160 1.504902 13.465873
2.875122 1.526123 13.167142
3.535699 1.634956 10.635806
3.365070 1.528679 7.746556
5.620367 1.675673 -0.402175
2.876269 1.550447 9.164126
3.210983 0.856849 15.356001
2.612815 0.768876 15.877422
2.960192 0.844816 14.984060
3.270440 0.902352 15.698363
2.753881 0.759629 15.260934
-nan -nan -nan
3.522250 0.820174 13.620384
6.903157 0.000000 180.000000
6.975585 0.000000 179.750000
7.049720 0.000000 nan
7.097692 0.000000 nan
7.101183 0.000000 nan
7.039568 0.000000 179.500000
2.856479 0.709474 13.896438
2.908911 0.745353 13.920874
2.945041 0.733308 14.245853
3.253021 0.757840 13.429459
-nan -nan -nan
2.900042 0.750698 13.626368
3.269224 0.750754 12.232603
3.401390 0.750625 12.229446
6.553272 0.000000 180.000000
3.132028 0.613819 11.063306
6.379416 0.000000 180.000000
3.053079 0.528113 8.656413
6.123816 0.000000 179.499999
5.993612 0.000000 179.750000
5.851716 0.000000 179.500000
5.801820 0.000000 180.000000
5.940038 0.000000 180.000000
6.127270 0.000000 180.000000
6.322939 0.000000 179.750000
6.496521 0.000000 nan
6.660424 0.000000 179.999999
6.802244 0.000000 179.999999
6.908509 0.000000 179.500000
7.085455 0.000000 178.499999
7.148655 0.000000 nan
7.172552 0.000000 179.749999
7.180231 0.000000 nan
7.179342 0.000000 176.750000
7.168161 0.000000 179.999999
7.146526 0.000000 nan
7.122186 0.000000 nan
7.084718 0.000000 179.999999
7.037153 0.000000 179.999999
6.982351 0.000000 nan
6.935999 0.000000 179.749999
6.880228 0.000000 180.000000
6.824771 0.000000 179.750000
6.755513 0.000000 179.499999
6.681340 0.000000 180.000000
6.626066 0.000000 177.750000
6.568004 0.000000 nan
6.494481 0.000000 178.250000
6.409635 0.000000 179.250000
6.311951 0.000000 178.999999
6.201554 0.000000 179.500000
6.042964 0.000000 179.750000
5.644716 0.000000 177.500000
7.816625 0.496454 14.772728
7.851603 0.481410 10.132197
7.779695 0.457088 3.482903
6.121280 0.000000 nan
6.450656 0.000000 nan
6.723047 0.000000 nan
6.753434 0.000000 179.500000
7.954876 0.314036 7.176961
7.965535 0.286307 9.864170
7.956116 0.260585 17.809313
7.874986 0.209367 43.091665
7.777769 0.185508 90.396341
7.755391 0.170067 100.940540
7.875323 0.164737 65.119185
7.878173 0.153582 69.922798
-nan -nan -nan
-nan -nan -nan
-nan -nan -nan
-nan -nan -nan
-nan -nan -nan
-nan -nan -nan
-nan -nan -nan
-nan -nan -nan
-nan -nan -nan
-nan -nan -nan
-nan -nan -nan
-nan -nan -nan
-nan -nan -nan
-nan -nan -nan
-nan -nan -nan
-nan -nan -nan
-nan -nan -nan
7.995943 0.072283 -0.037668
7.992921 0.073260 -2.230903
7.992496 0.074015 -1.210971
-nan -nan -nan
-nan -nan -nan
-nan -nan -nan
-nan -nan -nan
-nan -nan -nan
-nan -nan -nan
-nan -nan -nan
-nan -nan -nan
-nan -nan -nan
-nan -nan -nan
-nan -nan -nan
-nan -nan -nan
-nan -nan -nan
7.991686 0.070543 -0.778379
7.990008 0.069827 -1.106017
7.992346 0.071800 0.335151
7.994601 0.070011 0.909493
7.991724 0.071132 0.886697
7.994400 0.071676 0.967828
7.991135 0.071643 0.803850
7.984951 0.074463 0.675613
7.985494 0.073393 -0.069863
7.992974 0.071698 0.096758
7.992332 0.070377 -1.032009
7.991391 0.068400 -0.826177
7.990319 0.067806 -1.624322
7.990502 0.067350 -0.723244
7.996928 0.067448 1.607523
7.996224 0.069450 1.861724
7.992597 0.070331 8.008662
-nan -nan -nan
-nan -nan -nan
-nan -nan -nan
7.993987 0.073564 4.172825
7.994381 0.072813 4.412941
7.995066 0.071655 3.439131
-nan -nan -nan
-nan -nan -nan
7.991096 0.067783 -1.266414
7.991951 0.066205 -1.568429
7.993846 0.066585 -0.719610
7.996207 0.066105 3.283581
-nan -nan -nan
7.990651 0.066277 -0.720618
7.996283 0.065192 4.013410
7.991436 0.067023 -1.217918
7.990836 0.066546 -0.659371
7.991369 0.066476 -1.352252
7.992252 0.065770 -1.281169
7.991430 0.067144 -1.226558
7.991204 0.066741 -0.741722
7.992185 0.066880 -1.335273
7.991732 0.066543 -1.166983
7.990291 0.067344 -1.295751
7.991498 0.067663 -1.088586
7.988964 0.065791 -0.477302
7.988427 0.066856 -0.179293
7.989745 0.066144 -0.436776
7.984100 0.068297 -1.394600
7.982573 0.067493 -1.021830
7.987090 0.066385 0.754819
7.989590 0.066570 -0.612449
7.990434 0.067486 -0.432095
7.987524 0.068085 0.633722
7.989048 0.067653 0.695880
7.988863 0.067237 0.905229
7.990850 0.066779 0.801750
7.990650 0.067451 -0.357968
7.993627 0.067449 1.397789
7.994261 0.067879 0.582367
7.993782 0.067682 1.499139
7.988643 0.067950 0.738302
7.991603 0.067072 0.885632
7.988614 0.066742 -0.568540
7.993516 0.066946 1.282462
7.989679 0.067129 0.490746
7.991134 0.066858 0.553550
7.993248 0.067017 0.002935
7.989603 0.066278 0.665666
7.991218 0.067418 0.921294
7.990967 0.067127 0.413677
7.990753 0.066804 -0.369032
7.990806 0.067115 -0.449942
7.994021 0.066475 0.139511
7.990916 0.067370 -0.570935
7.988793 0.067331 -0.549930
7.990561 0.066691 -0.694612
7.991843 0.067779 -0.137647
7.992107 0.066889 0.979767
7.989221 0.067959 0.762164
7.988291 0.067286 0.621366
7.991058 0.066760 -0.370891
7.991714 0.066122 0.642917
7.989777 0.067022 0.922935
7.991767 0.067349 -0.280593
7.993728 0.066656 0.125384
7.990903 0.067176 -0.287682
7.991830 0.067015 0.950682
7.986790 0.067569 0.312293
7.990167 0.067182 -0.673372
7.991170 0.067523 -0.300006
7.992452 0.067610 1.370549
7.990425 0.068710 -0.316645
7.994039 0.066523 0.120797
7.990744 0.067442 -0.435506
7.991606 0.067634 -0.174874
7.994038 0.067140 0.324544
7.990750 0.066936 -0.382345
7.989894 0.066509 0.640131
7.989133 0.067210 -0.565188
7.991726 0.066230 -0.379215
7.991823 0.067183 -0.310123
7.992055 0.067233 -0.260294
7.993771 0.066683 0.087058
7.994071 0.067019 0.305982
7.990634 0.067540 -0.354851
7.992297 0.067120 -0.202990
7.989980 0.066794 -0.468912
7.988649 0.067988 0.978091
7.989391 0.067197 -0.527904
7.993513 0.066803 0.046408
7.989189 0.066822 0.939789
7.992664 0.067601 1.443677
7.988577 0.067149 0.904234
7.992001 0.067472 1.261423
7.992993 0.067049 -0.034062
7.993435 0.067042 0.092510
7.988737 0.067601 0.958983
7.994420 0.066716 0.280984
7.990045 0.066530 1.009738
7.991163 0.066621 -0.444292
7.993273 0.066710 0.008238
7.992807 0.067036 -0.125676
7.988762 0.066445 -0.650029
7.992824 0.066557 -0.096068
7.991562 0.066744 -0.294870
7.991094 0.066918 -0.419143
7.989126 0.067084 -0.542660
7.992960 0.067543 -0.049852
7.990416 0.067196 -0.383048
7.993871 0.066895 1.734803
7.991900 0.067961 -0.202794
7.992443 0.066676 1.216237
7.990792 0.067111 -0.437615
7.990075 0.067543 -0.390766
7.985420 0.068971 -0.563612
7.990452 0.067122 -0.404271
7.993526 0.066330 0.074220
7.992320 0.067856 1.457623
7.992341 0.067009 -0.229382
7.993031 0.066527 -0.020144
7.994063 0.067166 0.301645
7.991623 0.067544 -0.179849
7.993362 0.067187 0.142736
7.992588 0.067053 -0.192024
7.988645 0.066775 -0.599339
7.989892 0.067325 -0.461431
7.988927 0.066867 -0.597357
7.990229 0.067064 1.039674
7.991616 0.068069 -0.228702
7.992611 0.066413 -0.151612
7.987797 0.068542 -0.405184
7.989196 0.066859 -0.570642
7.991318 0.066981 -0.364625
7.989603 0.067177 -0.451739
7.990784 0.066842 -0.399594
7.988787 0.067483 0.934139
7.991345 0.067854 -0.230970
7.994385 0.067218 0.525397
7.992945 0.067393 -0.023902
7.991602 0.066801 -0.334983
7.992627 0.066668 1.310872
7.993128 0.067625 0.052751
7.989818 0.066701 0.929560
7.989767 0.066817 0.956995
7.989240 0.066489 0.942709
7.989832 0.067643 -0.451212
7.990786 0.067186 1.058833
7.991082 0.067801 -0.256866
7.990859 0.066832 -0.461480
7.993925 0.066927 0.186233
7.991432 0.067797 -0.297410
7.991590 0.066701 -0.313474
7.990182 0.067200 -0.437618
7.990109 0.065959 -0.471500
7.987874 0.067710 -0.596669
7.990636 0.067491 -0.351087
7.992114 0.066885 -0.275819
7.988882 0.067099 0.908570
7.990975 0.067453 -0.379152
7.988438 0.067711 0.939860
7.993578 0.067505 0.184601
7.991994 0.066235 1.141824
7.988281 0.066215 0.786327
7.993336 0.067227 0.161355
7.989913 0.068388 -0.359654
7.989163 0.068036 1.049979
7.988166 0.066671 0.815153
7.992623 0.066590 -0.178570
7.988968 0.066867 0.868207
7.991871 0.067775 1.339157
7.989070 0.066466 0.838496
7.993690 0.066837 0.143430
7.992359 0.066407 -0.186492
7.990851 0.067818 -0.316557
7.990263 0.067000 -0.481319
7.990957 0.066943 -0.306740
7.990650 0.067444 -0.357094
7.991080 0.067029 -0.420206
7.991386 0.066687 1.110066
7.990100 0.067550 -0.412145
7.990578 0.066955 -0.489547
7.992076 0.066986 -0.253912
7.991200 0.068028 -0.378993
7.987862 0.067727 0.910311
7.990897 0.066537 -0.459412
7.992822 0.067123 1.353900
7.992144 0.066618 1.225181
7.989361 0.067556 0.949826
7.990627 0.067761 -0.374764
7.993343 0.066901 -0.067328
7.989269 0.066789 0.877479
7.990817 0.066928 -0.437678
7.992894 0.067506 0.008777
7.991328 0.067969 -0.229055
7.989693 0.068164 -0.401630
7.991256 0.066840 -0.296865
7.993815 0.067468 0.237492
7.990144 0.067330 -0.421839
7.991815 0.068210 -0.157250
7.990283 0.068037 -0.371941
7.989202 0.066836 0.927078
7.990116 0.067682 -0.441541
7.990454 0.067167 -0.411119
7.993443 0.067191 0.073738
7.991044 0.067009 -0.387167
7.992964 0.067224 -0.024817
7.989233 0.066972 0.883156
7.991557 0.067206 -0.339352
7.990996 0.066954 -0.340810
7.990125 0.068438 -0.289558
7.991219 0.067071 -0.290957
7.991525 0.067342 -0.327248
7.994461 0.066999 0.475979
7.988897 0.067017 0.906625
7.992915 0.066387 -0.158159
7.989105 0.067192 0.960584
7.990729 0.066908 -0.360770
7.991011 0.067128 -0.372784
7.993323 0.067774 0.126838
7.991494 0.067186 -0.284157
7.990651 0.067634 -0.379675
7.990868 0.067269 -0.269479
7.990720 0.067485 1.079452
7.994352 0.067370 0.542332
7.990366 0.067584 -0.387466
7.993551 0.067595 0.199935
7.990531 0.068118 -0.335829
7.991243 0.067481 -0.356101
7.990369 0.067420 -0.369992
7.994626 0.068610 0.978951
7.989781 0.067840 -0.433288
7.990531 0.066961 1.048741
7.990644 0.066625 0.993659
7.990980 0.067586 -0.148241
7.991531 0.068121 -0.163566
7.988645 0.067922 -0.509671
7.990078 0.067935 1.059634
7.989896 0.067584 -0.497234
7.989553 0.066758 0.894213
7.988079 0.067975 0.946828
7.986752 0.067664 0.827807
7.994207 0.067037 0.438766
7.992824 0.067824 0.039725
7.990667 0.068430 -0.233755
7.991584 0.067768 -0.171115
7.989312 0.067475 1.000666
7.989578 0.066499 0.906837
7.993235 0.067119 0.005521
7.989223 0.068067 0.996659
7.989302 0.067393 -0.479731
7.994006 0.067415 0.330808
7.990421 0.066365 -0.537101
7.992701 0.067562 -0.084345
7.990054 0.067500 -0.367831
7.993482 0.066882 0.066561
7.993870 0.067799 0.416597
7.992673 0.066481 -0.210962
7.989345 0.067786 0.932832
7.994294 0.067131 0.358629
7.988170 0.067617 0.923717
7.989540 0.067576 -0.451181
7.990842 0.066849 1.050822
7.990894 0.067615 -0.329880
7.993155 0.067489 0.041782
7.988512 0.067429 0.918677
7.989254 0.066766 0.893406
7.990415 0.067105 -0.370916
7.991111 0.067661 -0.265621
7.991096 0.066988 -0.428924
7.991275 0.066922 -0.322272
7.990364 0.066658 -0.524810
7.991594 0.067090 -0.358738
7.989114 0.067148 0.958813
7.989553 0.066633 -0.589732
7.990768 0.067244 -0.432825
7.990537 0.067009 1.037961
7.990847 0.067710 -0.301096
7.989370 0.067124 -0.500935
7.994791 0.066817 0.708122
7.990738 0.067116 -0.392501
7.992049 0.066960 1.271611
7.989285 0.067691 -0.504989
7.990699 0.067443 -0.398284
7.988776 0.066466 0.835152
7.993574 0.067434 0.193040
7.991975 0.067359 -0.206096
7.989965 0.066990 -0.480278
7.990545 0.067951 -0.328396
7.988790 0.066521 0.815657
7.989959 0.067368 0.977664
7.990128 0.067401 -0.417334
7.991142 0.066757 -0.441259
7.990845 0.067529 -0.279838
7.986764 0.067644 0.821198
7.994263 0.066669 0.417965
7.990120 0.067328 -0.401502
7.993852 0.067094 0.235216
7.994452 0.067295 0.462760
7.992409 0.066271 -0.215762
7.990150 0.067283 -0.421269
7.990913 0.066176 -0.431367
7.992533 0.067177 -0.157724
7.990824 0.066800 -0.428391
7.989736 0.067958 -0.411374
7.991780 0.068200 -0.127217
7.987656 0.067388 0.880127
7.993934 0.067745 0.367071
7.988738 0.066573 0.851219
7.988440 0.067488 -0.530018
7.988988 0.066450 0.909348
7.989019 0.066565 0.867499
7.990653 0.066404 -0.488151
7.991524 0.065973 -0.429143
7.990193 0.065908 -0.536613
7.989145 0.065920 0.850810
7.994294 0.066281 0.420262
7.990015 0.066667 1.017863
7.990638 0.067564 -0.361358
7.990002 0.066836 -0.492609
7.991252 0.066325 -0.486364
7.994560 0.066407 0.433178
7.992141 0.066587 1.231643
7.992139 0.066375 1.253802
7.990047 0.066188 -0.448356
7.989070 0.067123 -0.501656
7.989298 0.067523 -0.494250
7.990226 0.067165 -0.469902
7.987869 0.066837 0.787110
7.989272 0.066698 0.887350
7.993746 0.067799 0.269829
7.990567 0.067916 -0.342344
7.994920 0.068124 1.014796
7.989501 0.067934 1.035418
7.989843 0.066572 0.925227
7.993762 0.067721 0.262644
7.991789 0.067148 1.221992
7.994113 0.067053 0.267704
7.994354 0.068058 0.492674
7.988790 0.066480 0.821631
7.993170 0.066247 -0.113550
7.991294 0.067127 -0.360387
7.989297 0.067620 -0.506078
7.993104 0.067829 0.055023
7.992919 0.067508 1.487778
7.991826 0.066721 -0.265420
7.988544 0.067469 0.886529
7.993719 0.067972 1.779079
7.990661 0.067627 -0.387491
7.991319 0.067039 -0.371354
7.991487 0.067560 1.181516
7.991898 0.066662 -0.320461
7.991659 0.067587 -0.214428
7.989359 0.067318 -0.517379
7.991779 0.067245 -0.279608
7.989087 0.067220 -0.528304
7.990778 0.067268 -0.444082
7.990680 0.067554 -0.394891
7.989973 0.067443 -0.543368
7.988916 0.068177 0.984064
7.991101 0.066817 -0.413352
7.991493 0.066068 -0.413216
7.990786 0.068115 -0.296049
7.990183 0.067684 -0.497346
7.990007 0.066627 -0.470450
7.988956 0.066802 0.887234
7.990231 0.065995 0.919770
7.991297 0.067230 1.126320
7.989739 0.068194 -0.443348
7.990876 0.068183 1.122080
7.989004 0.066702 0.861255
7.990732 0.068226 -0.263918
7.990700 0.067679 -0.426009
7.993064 0.067513 0.115809
7.991104 0.066808 1.085007
7.987406 0.067346 0.842629
7.990858 0.067514 -0.288949
7.990770 0.067365 -0.447930
7.991111 0.067696 -0.269076
7.989571 0.067820 -0.507602
7.990663 0.068443 -0.231919
7.993643 0.067010 0.169529
7.992005 0.067493 1.255389
7.990413 0.067618 1.069804
7.990296 0.067885 -0.364586
7.989365 0.066125 0.886870
7.990008 0.067848 -0.372385
7.990253 0.066941 -0.465334
7.991492 0.067206 1.215075
7.990086 0.067524 -0.397177
7.991255 0.067200 -0.335726
7.992693 0.067170 -0.041493
7.991006 0.067194 -0.376515
7.988232 0.067641 0.869533
7.991016 0.066887 -0.350180
7.990723 0.067421 -0.415145
7.988705 0.067470 1.003210
7.990574 0.067510 -0.301920
7.989262 0.066660 0.900975
7.989032 0.067496 0.979545
7.987969 0.067373 0.874880
7.988476 0.067358 0.958794
7.993397 0.067545 0.083477
7.989845 0.067887 -0.492150
7.992007 0.067355 -0.232745
7.989478 0.066838 0.946058
7.989596 0.066377 0.908106
7.987903 0.066557 0.801708
7.989946 0.067297 0.996858
7.990849 0.066770 -0.445837
7.991498 0.067129 -0.281718
7.991965 0.067282 -0.190139
7.990297 0.066837 -0.489768
7.991972 0.067199 -0.187120
7.990357 0.066459 1.005565
7.990532 0.067144 1.026250
7.989746 0.067894 -0.411434
7.987902 0.066418 0.822952
7.991742 0.067175 -0.241624
7.990545 0.067889 -0.321658
7.991212 0.067509 -0.332829
7.991288 0.066972 -0.338214
7.989070 0.067302 -0.525787
7.990273 0.066877 -0.474380
7.992467 0.067274 -0.110868
7.991427 0.066117 -0.361923
7.990946 0.065994 -0.687908
7.989288 0.066336 -0.577238
7.990036 0.066609 -0.492015
7.989428 0.066516 -0.468823
7.994271 0.066263 0.441779
7.989926 0.065804 -0.546311
7.990272 0.067526 -0.302022
7.990863 0.066486 -0.424687
7.989861 0.065835 -0.494525
7.986461 0.068034 -0.494899
7.988981 0.067538 1.016223
7.990335 0.067358 -0.334594
7.993292 0.066444 0.015147
7.988659 0.066336 0.951994
7.993610 0.066783 0.215371
7.992612 0.066021 -0.114984
7.993888 0.066064 0.035701
7.991362 0.066509 1.150321
7.992036 0.066899 -0.211031
7.990559 0.066778 1.047378
7.992551 0.066631 1.378558
7.992772 0.066438 1.458925
7.990325 0.066260 -0.692709
7.994523 0.067010 0.672943
7.993091 0.065967 -0.020590
7.988986 0.067548 -0.488714
7.990281 0.066901 1.016080
7.993044 0.066352 -0.015418
7.989201 0.066643 0.954710
7.993414 0.065990 -0.050711
7.992674 0.067284 -0.035644
7.988554 0.066953 -0.549027
7.993225 0.065889 -0.129395
7.991371 0.067495 -0.214602
7.992703 0.066917 -0.026452
7.991459 0.067292 -0.266133
7.991159 0.066255 1.100365
7.990398 0.067051 1.149592
7.992440 0.067248 -0.085497
7.993725 0.066172 0.166911
7.993723 0.066432 0.147588
7.992386 0.066375 -0.206307
7.993067 0.066138 -0.016028
7.993166 0.067132 -0.187047
7.991535 0.067063 -0.305784
7.989906 0.065840 0.965860
7.990524 0.066881 -0.436191
7.992541 0.066650 -0.114763
7.992530 0.066303 -0.071664
7.988662 0.066470 -0.569950
7.991943 0.066114 -0.301809
7.994632 0.066622 0.606287
7.991002 0.065902 1.025231
7.989723 0.066745 1.003667
7.993955 0.066951 0.409477
7.991826 0.066494 -0.242014
7.991646 0.066369 -0.575359
7.992424 0.067527 -0.098628
7.992247 0.067029 -0.151902
7.993709 0.066597 0.146220
7.992106 0.066441 -0.224613
7.992754 0.066696 -0.049605
7.989398 0.067055 0.984458
7.991062 0.067557 -0.213324
7.992945 0.065707 -0.121702
7.992968 0.067021 -0.010143
7.993642 0.066420 -0.032186
7.988237 0.067106 -0.557588
7.992627 0.067520 -0.018536
7.993024 0.065948 1.288083
7.992193 0.067362 -0.138903
7.993216 0.066730 0.054739
7.993980 0.066754 0.402697
7.992581 0.067634 0.010250
7.992228 0.067045 1.362274
7.993011 0.066663 -0.264563
7.993056 0.066774 -0.063346
7.988382 0.066613 -0.606160
7.992891 0.067301 0.029944
7.993038 0.066300 -0.005535
7.993047 0.067635 0.119754
7.992098 0.066669 -0.240386
7.989709 0.065521 -0.574089
7.993066 0.066464 -0.043904
7.991847 0.067039 1.183622
7.992690 0.066998 -0.023577
7.988824 0.066929 -0.520458
7.991654 0.066311 1.173622
7.992871 0.066390 -0.121187
7.991861 0.066424 -0.263906
7.992071 0.066533 -0.203969
7.991741 0.067094 -0.232822
7.991223 0.066006 1.074571
7.992670 0.067443 -0.047601
7.993214 0.066758 0.054019
7.993700 0.067098 0.364180
7.992239 0.067221 -0.414249
7.992591 0.066549 -0.397648
7.992360 0.066465 -0.192473
7.991167 0.066311 1.087434
7.991739 0.065980 -0.363088
7.992500 0.066766 -0.090658
7.988985 0.066643 -0.615100
7.992979 0.066563 0.020893
7.988595 0.068016 -0.481089
7.992805 0.066324 -0.058963
7.993268 0.066799 0.005141
7.993806 0.066841 0.294081
7.993435 0.067068 0.090244
7.989150 0.067222 0.919139
7.993945 0.067110 0.405876
7.992985 0.067095 -0.030845
7.992015 0.067082 -0.212079
7.992607 0.066458 -0.152321
7.992213 0.067431 -0.162361
7.992063 0.066678 1.288344
7.993720 0.066688 0.129321
7.990609 0.066527 1.035158
7.993770 0.066592 0.094305
7.992837 0.067784 0.032195
7.992221 0.068277 -0.000529
7.994262 0.067017 0.394100
7.993454 0.066049 -0.089808
7.991394 0.067439 1.272292
7.991940 0.065973 1.215578
7.992389 0.066202 -0.191956
7.992768 0.066555 -0.048506
7.989498 0.066561 -0.534086
7.992133 0.066402 -0.243197
7.991072 0.066816 1.110444
7.993617 0.066949 0.195827
7.993041 0.066723 -0.045901
7.993187 0.067116 0.046342
7.988491 0.067293 0.955397
7.991559 0.066916 1.189214
7.992926 0.067083 0.019366
7.991248 0.067155 1.174803
7.994307 0.066549 0.139308
7.987748 0.067185 0.834869
7.992255 0.067002 -0.156122
7.991806 0.066993 1.223585
7.987616 0.066515 0.797069
7.993256 0.066463 1.544194
7.993544 0.067257 0.233134
7.991228 0.065970 1.074419
7.993914 0.067362 0.162427
7.993123 0.067477 0.069632
7.992566 0.067030 -0.171709
7.991124 0.066756 -0.426252
7.993719 0.066398 0.153653
7.991814 0.066800 1.236454
7.993279 0.066894 -0.012280
7.993006 0.066581 -0.003523
7.993379 0.067286 0.119973
7.989546 0.067254 -0.414650
7.993235 0.066904 0.024139
7.993924 0.067608 0.385367
7.994675 0.067176 0.781973
7.990749 0.066936 -0.380815
7.991950 0.067382 -0.186995
7.992488 0.066841 1.412121
7.993848 0.066888 0.255139
7.987944 0.066270 0.810387
7.988654 0.067938 -0.519166
7.993410 0.067024 0.115339
7.989515 0.066375 -0.523397
7.990107 0.067724 -0.439187
7.990320 0.066581 -0.477701
7.991022 0.066853 -0.351518
7.988863 0.065908 -0.658654
7.992561 0.066643 -0.130481
7.991511 0.065731 1.108667
7.992107 0.066578 1.261021
7.993425 0.067080 0.097974
7.993937 0.066960 0.423967
7.992644 0.067097 0.006759
7.991984 0.067111 -0.188448
7.989152 0.065645 0.883140
7.992137 0.067376 -0.093317
7.990728 0.067080 -0.630089
7.990331 0.066469 1.026499
7.992223 0.067364 -0.164261
7.991633 0.066546 1.166399
7.990366 0.066353 -0.489194
7.987011 0.066608 0.784453
7.992205 0.066233 1.212047
7.991798 0.067012 -0.272262
7.990645 0.067474 -0.606458
7.991484 0.067422 1.198899
7.990529 0.067952 -0.565773
7.993447 0.066874 -0.153693
7.991694 0.067683 1.245909
7.990175 0.067401 -0.706798
7.992448 0.066143 1.263860
7.990565 0.066927 1.024200
7.989863 0.067582 1.030727
7.993621 0.067375 -0.091836
7.988984 0.066675 0.881225
7.987237 0.068106 0.864094
7.987500 0.068406 0.855540
-nan -nan -nan
-nan -nan -nan
-nan -nan -nan
-nan -nan -nan
-nan -nan -nan
-nan -nan -nan
7.972043 0.090630 0.143697
-nan -nan -nan
-nan -nan -nan
-nan -nan -nan
-nan -nan -nan
4.036865 0.148386 -1.894246
4.250547 0.165215 -2.273040
4.497272 0.206228 -2.619474
4.266207 0.225896 -2.462193
4.178772 0.243862 -2.151535
4.216763 0.269717 -2.327863
3.648044 0.354228 -2.903332
3.588493 0.387415 -2.518794
4.326735 0.269110 -4.190110
3.843903 0.305317 -4.201533
3.424007 0.316704 -3.959119
2.055286 0.354652 -3.414127
1.426193 0.337636 -2.940178
2.000900 0.369242 -3.522087
1.490578 0.366341 -3.221126
0.819676 0.380961 -3.037050
0.306002 0.412990 -3.072509
-0.401492 0.413327 -2.816499
-0.969214 0.394088 -2.515835
-1.096262 0.412188 -2.594525
-1.455837 0.422668 -2.059368
-1.937900 0.420474 -1.672749
-2.044144 0.424887 -1.422278
-1.762726 0.495795 -2.657240
-2.090038 0.520246 -2.951575
-2.333646 0.525389 -2.910557
-2.508347 0.529148 -2.382694
-2.799653 0.537956 -2.851679
-2.988432 0.565452 -2.945778
-2.944052 0.465565 -0.685919
-3.072934 0.624759 -3.229330
-3.126063 0.463842 -0.137261
-3.191801 0.676606 -3.459636
-3.530818 0.406099 0.982957
-3.699846 0.721537 -3.528998
-3.958854 0.576962 -2.512127
-4.396451 0.724189 -3.343366
-4.507249 0.780843 -3.572410
-4.729060 0.901452 -4.050836
-4.816135 0.959497 -4.281536
-5.348292 1.190840 -4.848028
-5.624645 1.366756 -5.728462
-6.621612 1.844775 -7.190881
-7.538691 2.383325 -8.720073
-8.391074 2.482492 -8.612218
4.434379 1.027460 -3.324721
4.425201 0.990462 -3.986346
4.470417 1.098991 -3.044801
4.479906 1.135530 -2.878925
4.489997 1.155872 -2.727136
4.483515 1.120302 -3.421136
4.525446 1.235745 -2.328220
4.494165 1.169837 -2.952968
4.527583 1.196791 -2.766847
4.572462 1.318426 -2.039577
4.553004 1.277161 -2.830386
4.577026 1.311690 -2.716930
4.581553 1.323633 -2.666548
4.594929 1.342444 -2.516761
4.616647 1.352134 -2.033786
4.625580 1.386405 -1.835671
4.624286 1.405835 -1.609563
4.744504 1.460041 0.094479
4.755563 1.492376 0.298519
4.744628 1.503786 0.955900
4.762762 1.504309 1.826224
4.783299 1.511914 2.325534
4.791196 1.528233 3.033295
4.817852 1.541904 3.647574
4.816526 1.543702 3.880734
4.823437 1.551789 4.463938
-10.997351 0.000000 180.000000
-10.070620 0.000000 180.000000
-9.441026 0.000000 180.000000
-nan -nan -nan
4.874337 1.579367 5.442974
4.888678 1.577809 5.609590
4.884992 1.571143 5.484611
4.905479 1.583414 5.401951
4.924313 1.580869 5.297340
4.904804 1.560877 4.738635
4.914857 1.566832 4.575643
4.915292 1.573667 4.471554
4.915706 1.565707 4.085878
4.928384 1.571269 3.158227
4.951684 1.567783 2.282734
4.956416 1.559147 1.625144
4.963771 1.550070 0.954565
4.963316 1.549336 0.219029
4.880172 1.551058 0.065217
4.859666 1.477085 -1.690375
4.845277 1.446779 -1.636539
4.903950 1.545049 -0.770973
4.899523 1.529642 -1.009756
4.896614 1.521664 -1.119807
4.899962 1.512737 -1.261163
4.898095 1.496780 -1.508973
4.905454 1.532319 -2.343125
4.906939 1.508681 -1.751419
4.910949 1.499605 -1.644630
4.920888 1.497238 -1.931630
4.925225 1.480459 -2.210133
4.918045 1.472354 -2.035374
4.925474 1.462813 -2.194391
4.920612 1.461939 -2.146033
4.916460 1.445764 -2.120231
4.917958 1.444124 -2.355946
4.929822 1.441066 -1.894209
4.933983 1.431502 -2.027541
4.925526 1.438522 -2.074522
4.916153 1.422967 -2.019834
4.928503 1.404766 -2.077242
4.914582 1.397380 -2.115687
4.917750 1.403250 -1.728249
4.928527 1.392928 -1.644522
4.916032 1.393188 -1.811160
4.924155 1.383497 -1.717940
4.933339 1.404357 -2.855094
4.933713 1.380572 -2.239286
4.919563 1.374139 -2.040971
4.923074 1.365440 -2.180102
4.934725 1.379230 -2.225502
4.937014 1.363732 -2.500037
4.900353 1.282033 -3.470280
4.936981 1.363704 -1.999386
4.934917 1.364162 -1.992178
4.944668 1.370949 -2.166104
4.951294 1.378286 -2.077190
4.957839 1.370283 -2.498275
4.915479 1.298286 -3.826392
4.913360 1.291471 -3.454762
4.971206 1.386328 -2.094334
4.966221 1.395419 -2.200576
4.974810 1.402809 -2.127598
4.930126 1.316678 -3.464634
4.971946 1.405489 -1.898647
4.957311 1.331348 -3.382094
4.982216 1.414553 -2.114324
5.008579 1.479696 -2.569142
4.997652 1.445936 -1.465548
5.002970 1.446899 -1.270216
5.006791 1.455592 -1.433568
5.007002 1.472473 -1.445916
5.017811 1.480538 -1.652563
5.010814 1.483507 -1.644802
5.030365 1.498319 -1.523073
5.035205 1.514725 -1.312656
5.040378 1.516881 -1.386282
5.044919 1.526353 -1.567181
5.054086 1.542656 -1.639228
5.058458 1.559946 -1.687716
5.057428 1.570313 -1.586758
5.057076 1.573488 -1.381994
5.073033 1.589130 -0.998736
5.072989 1.599573 -0.906032
5.080354 1.616015 0.035601
5.076540 1.619174 0.519888
5.177356 1.620810 0.634836
5.179937 1.637043 1.364890
5.186957 1.630579 1.901291
5.183332 1.640079 2.538772
5.194885 1.647079 2.829836
5.192611 1.663348 3.103715
5.185682 1.622400 3.037384
5.206162 1.663362 3.981776
5.219905 1.676077 4.164863
5.193159 1.674323 4.933288
5.183461 1.633405 4.139125
5.205840 1.687404 5.372062
5.215529 1.686394 5.549116
5.207864 1.680842 6.202417
5.183815 1.620307 5.335792
5.181440 1.650119 5.903269
5.209516 1.680953 6.685757
5.217575 1.665432 6.097190
5.208971 1.695160 6.727170
5.218068 1.671770 6.246722
5.152633 1.617113 5.656332
5.160369 1.622966 5.500255
5.181110 1.670213 6.102950
5.184718 1.690452 6.267056
5.169892 1.671411 5.934663
5.171004 1.684760 5.724811
5.169628 1.684505 4.990880
5.103839 1.607441 3.468640
5.152810 1.672089 3.825262
5.145077 1.665426 2.742744
5.141388 1.672643 1.917074
5.132976 1.673416 1.478869
5.121927 1.659823 0.777376
4.986534 1.575419 -0.850260
4.973742 1.576369 -1.264871
5.026733 1.671393 -0.092087
5.005533 1.659000 -0.237405
4.958134 1.575953 -2.138118
4.949588 1.568511 -2.212061
4.930715 1.562367 -2.477598
4.939254 1.560639 -2.766511
4.960479 1.624416 -1.371452
4.956902 1.616390 -1.725718
4.963348 1.629520 -1.718781
4.955510 1.615270 -1.948413
4.960660 1.622030 -2.087870
4.956157 1.622487 -2.059356
4.956771 1.615222 -1.957538
4.938057 1.580521 -1.801984
4.942616 1.609955 -2.020362
4.939922 1.625303 -2.224173
4.881800 1.511880 -0.116734
4.869757 1.512865 -0.294750
4.925220 1.618384 -2.009698
4.899264 1.590754 -1.658944
4.892724 1.597039 -1.451688
4.893595 1.594719 -1.674360
4.869671 1.587909 -1.647118
4.863390 1.623448 -2.115206
4.845659 1.616426 -1.882641
4.821108 1.603121 -2.011896
4.775498 1.516716 -3.440979
4.761183 1.516981 -3.347226
4.790384 1.595287 -1.678924
4.764765 1.581944 -1.807413
4.759650 1.588931 -1.621388
4.709877 1.578113 -1.624780
4.679612 1.497115 -3.019930
4.759067 1.542184 -1.197242
4.748089 1.534983 -1.018476
4.739783 1.520356 -1.001330
4.693730 1.454854 -2.250873
4.684707 1.463372 -2.316693
4.686479 1.462838 -2.320281
4.679525 1.471258 -2.397484
4.674103 1.464132 -2.510135
4.669180 1.465251 -2.495034
4.659433 1.467046 -2.459194
4.665308 1.483009 -2.725737
4.683500 1.544054 -1.715146
4.678090 1.546433 -1.713171
4.642623 1.490559 -2.939567
4.646210 1.507763 -2.957247
4.637892 1.519191 -3.066149
4.634998 1.522227 -2.840587
4.656066 1.592360 -1.713484
4.631870 1.560025 -2.852272
4.624089 1.564489 -2.614293
4.617222 1.576536 -2.487763
4.672693 1.709322 -2.190721
4.641534 1.673276 -1.233700
4.638473 1.685752 -3.133035
4.643795 1.712085 -1.277282
4.618301 1.675375 -2.104920
4.664602 1.800397 -1.859498
4.649956 1.758079 -1.190168
4.636948 1.779854 -2.639486
4.657176 1.847652 -1.680391
4.637441 1.828259 -2.533392
4.659653 1.895717 -1.325819
4.650229 1.910245 -1.194441
4.684655 1.887284 -0.651012
4.648118 1.945615 -1.133220
4.645256 1.967007 -1.134631
4.643612 1.981267 -1.053242
4.647883 2.008819 -0.932940
4.652024 1.982662 -0.383899
4.645709 2.050067 -0.682326
4.648000 2.064047 -0.623339
-nan -nan -nan
-nan -nan -nan
-1111.099347 0.000000 159.250000
-581.564857 0.000000 159.250000
-538.402472 0.000000 159.000000
-568.778940 0.000000 158.750000
-595.702576 0.000000 158.750000
-428.594166 0.000000 158.750000
-421.641722 0.000000 158.500000
-509.612154 0.000000 158.250000
-615.830756 0.000000 158.250000
-766.092397 0.000000 158.000000
-1758.550241 0.000000 157.750000
-1354.714036 0.000000 157.750000
-1718.030312 0.000000 157.750000
-1744.422131 0.000000 157.500000
-1738.747369 0.000000 157.500000
-2630.763829 0.000000 157.250000
-2248.622107 0.000000 157.250000
-2288.775808 0.000000 157.250000
-5392.015474 0.000000 157.250000
4.452226 2.238994 -0.255949
4.450834 2.240901 -0.267826
4.444659 2.248986 -0.316030
4.432604 2.250889 -0.250335
4.417372 2.259637 -0.240468
4.395665 2.257143 -0.556040
4.382184 2.259522 -0.487003
4.372492 2.261177 -0.687003
4.365269 2.262566 -0.651654
4.366369 2.262753 -0.661561
4.362804 2.269281 -0.710430
4.349295 2.263903 -0.804200
4.346841 2.264645 -0.795359
4.343295 2.265641 -0.781749
4.340847 2.265845 -0.766894
4.334167 2.266477 -0.727279
4.333961 2.273770 -0.808229
4.321274 2.267808 -0.902407
4.315210 2.262175 -1.046699
4.315025 2.268828 -0.870484
4.308420 2.269895 -1.086707
4.296531 2.270727 -1.013925
4.291221 2.264296 -1.155036
4.294657 2.276992 -0.821381
4.285182 2.283194 -0.825628
4.287395 2.271649 -0.961413
4.281894 2.284229 -0.814607
4.289695 2.284221 -0.868212
4.284734 2.284565 -0.837892
4.268317 2.273286 -1.099149
4.277550 2.291470 -0.865666
4.269100 2.291340 -1.056258
4.270567 2.291539 -1.068524
4.254151 2.286456 -1.149777
4.250896 2.286694 -1.380296
4.234901 2.280741 -1.455744
4.233575 2.286716 -1.263269
4.224248 2.286694 -1.200197
4.211832 2.275009 -1.487202
4.211843 2.280399 -1.297151
4.197681 2.268217 -1.567558
4.197961 2.273275 -1.375601
4.192328 2.273313 -1.338679
4.182374 2.284703 -0.898898
4.164188 2.260801 -1.014807
-1836.939382 0.000000 155.750000
-211.551618 0.000000 156.000000
-100.539471 0.000000 156.750000
-65.775559 0.000000 157.250000
-45.958633 0.000000 157.500000
-nan -106.827218 -nan
-nan -77.255399 -nan
-24.824808 0.000000 180.000000
-22.440946 0.000000 180.000000
-20.907108 0.000000 180.000000
-20.175634 0.000000 179.750000
-19.619945 0.000000 180.000000
-19.759027 0.000000 180.000000
-19.636361 0.000000 180.000000
-20.124782 0.000000 180.000000
-20.309294 0.000000 180.000000
-21.058607 0.000000 180.000000
-21.568082 0.000000 180.000000
-22.593974 0.000000 179.750000
-23.401969 0.000000 180.000000
-nan -nan -nan
-nan -nan -nan
-26.571837 0.000000 180.000000
-28.250198 0.000000 180.000000
-nan -90.556665 -nan
-nan -103.902386 -nan
-38.326157 0.000000 156.000000
-43.663760 0.000000 155.500000
-nan -nan -nan
-nan -nan -nan
-83.942890 0.000000 154.000000
-133.351302 0.000000 153.250000
-nan -nan -nan
-nan -nan -nan
-nan -nan -nan
3.581707 2.303744 -0.788005
3.561975 2.309736 -0.994373
3.529152 2.308607 -1.310421
-nan -nan -nan
-nan -nan -nan
-nan -nan -nan
-nan -nan -nan
-nan -nan -nan
-nan -nan -nan
-nan -nan -nan
3.363651 2.305507 -2.689678
3.344931 2.304239 -2.585215
3.322061 2.315298 -2.582631
3.298701 2.308568 -2.653295
3.274312 2.313580 -2.835228
3.274190 2.319969 -2.647090
3.267835 2.326084 -2.426309
3.241179 2.319520 -2.735288
3.240567 2.336276 -2.145164
3.227406 2.325382 -2.477037
3.190570 2.317930 -2.481985
3.183260 2.323631 -2.253002
3.188338 2.329969 -2.087827
3.193979 2.326047 -2.076329
3.206621 2.343779 -1.306868
3.181269 2.353428 -1.030494
3.169055 2.348552 -0.926587
3.143509 2.352577 -0.596436
3.147961 2.358867 -0.677169
-nan -nan -nan
3.085002 2.329689 -1.610763
3.095652 2.357043 -0.669062
3.075378 2.366635 -0.417630
3.043321 2.333583 -1.460851
-nan -nan -nan
3.006585 2.341836 -1.375860
3.006947 2.367637 -0.369664
2.989344 2.336535 -1.500256
2.964520 2.340531 -1.429375
2.965813 2.365699 -0.420083
2.958652 2.370617 -0.434535
2.921461 2.342266 -1.509559
2.909039 2.341551 -1.449728
2.889438 2.368990 -0.619981
2.882010 2.349245 -1.155937
2.848618 2.356166 -0.828655
-1783.981327 0.000000 179.750000
-390.161018 0.000000 178.750000
-nan -nan -nan
-nan -nan -nan
-nan -nan -nan
-199.216648 0.000000 180.000000
-256.272279 0.000000 178.500000
-343.505238 0.000000 180.000000
-718.237837 0.000000 176.250000
-1777.630058 0.000000 176.000000
2.666788 2.372195 -0.479343
2.668719 2.372422 -0.489086
2.661891 2.362302 -0.871082
-nan -nan -nan
-nan -nan -nan
-nan -nan -nan
-nan -nan -nan
2.559568 2.366784 -1.260780
-nan -nan -nan
-nan -nan -nan
2.509056 2.371697 -1.610911
2.492622 2.363528 -1.726909
2.475416 2.373380 -1.498521
2.469670 2.366818 -1.669499
2.456316 2.359765 -1.807873
2.448181 2.366570 -1.587058
2.433738 2.363316 -1.505039
2.431688 2.362290 -1.488508
2.422407 2.361619 -1.448373
2.409943 2.356550 -1.608392
2.410166 2.352160 -1.820988
2.399048 2.363119 -1.375547
2.450805 2.361814 -1.305276
-nan -nan -nan
2.383438 2.366067 -1.344040
-nan -nan -nan
2.369270 2.366100 -1.542726
2.355778 2.373693 -1.309321
2.379848 2.373986 -1.649489
2.340673 2.373167 -2.250119
-nan -nan -nan
2.326754 2.382523 -3.530340
2.327051 2.383485 -4.539667
2.299148 2.379980 -5.909459
-11.824493 5.178774 -14.640267
-9.053590 3.933074 -12.987057
-6.905899 3.124395 -11.838262
-5.301006 2.468122 -10.512185
-4.197537 2.241761 -10.164061
-3.191091 2.337534 -11.798003
-2.377555 2.361423 -12.819425
-1.813482 2.391204 -13.694131
-1.312564 2.399602 -14.449293
-1.021972 2.416470 -14.994312
-0.856938 2.404903 -15.191118
-0.743814 2.416056 -15.446329
-0.613707 2.412788 -15.648103
-0.544169 2.418004 -15.801536
-0.627962 2.420617 -15.671725
-0.629552 2.422469 -15.680380
-0.740377 2.425530 -15.509794
-0.865204 2.426580 -15.308028
-1.053996 2.420564 -14.717833
-1.229630 2.426185 -14.728091
-1.488822 2.414483 -14.276254
-1.813195 2.414474 -13.822699
-2.161567 2.407403 -13.328357
-2.831071 2.389226 -12.439658
-4.015671 2.266235 -10.430893
-5.859991 2.520746 -10.307840
-nan -nan -nan
-nan -nan -nan
2.577163 2.446033 -5.278306
2.613375 2.452173 -3.726621
-nan -nan -nan
2.728063 2.456765 -1.735896
2.774060 2.460004 -1.207744
-nan -nan -nan
-nan -nan -nan
-171.588927 0.000000 178.750000
-117.695408 0.000000 180.000000
-nan -nan -nan
-nan -nan -nan
-nan -nan -nan
-56.677963 0.000000 146.250000
-55.068682 0.000000 146.500000
-55.400325 0.000000 147.250000
-nan -nan -nan
-nan -nan -nan
-nan -nan -nan
-nan -nan -nan
-nan -nan -nan
-nan -nan -nan
-nan -nan -nan
-nan -nan -nan
-128.742373 0.000000 147.750000
-159.320293 0.000000 148.000000
-202.584830 0.000000 147.750000
-234.185993 0.000000 148.000000
-267.617145 0.000000 147.750000
-nan -nan -nan
-nan -nan -nan
-300.989065 0.000000 148.000000
-287.921851 0.000000 148.500000
-254.738517 0.000000 148.500000
-242.332548 0.000000 148.750000
-nan -nan -nan
-nan -nan -nan
-nan -nan -nan
-nan -nan -nan
-nan -nan -nan
-nan -nan -nan
-nan -nan -nan
-nan -nan -nan
-nan -nan -nan
-nan -nan -nan
-nan -nan -nan
-nan -nan -nan
-nan -nan -nan
-nan -nan -nan
-nan -nan -nan
-nan -nan -nan
-nan -nan -nan
-nan -nan -nan
-nan -nan -nan
-nan -nan -nan
-nan -nan -nan
-nan -nan -nan
-nan -nan -nan
-nan -nan -nan
-nan -nan -nan
3.817213 2.522879 -1.096591
-nan -nan -nan
-nan -nan -nan
3.833761 2.523250 -0.950860
3.850319 2.523173 -0.801287
3.863696 2.516084 -0.811849
3.855502 2.515336 -0.753968
-nan -nan -nan
-nan -nan -nan
-nan -nan -nan
3.872593 2.517220 -0.628148
3.884084 2.523316 -0.510928
-nan -nan -nan
3.947877 2.525865 -0.687090
3.948793 2.528161 -0.716279
-nan -nan -nan
-nan -nan -nan
-nan -nan -nan
-nan -nan -nan
-nan -nan -nan
-nan -nan -nan
-nan -nan -nan
-nan -nan -nan
-nan -nan -nan
4.048026 2.546603 -1.797226
-nan -nan -nan
-nan -nan -nan
-nan -nan -nan
-nan -nan -nan
-nan -nan -nan
-nan -nan -nan
-nan -nan -nan
4.073953 2.554130 -6.796425
4.088288 2.554559 -7.396700
4.106732 2.548594 -7.709388
4.110077 2.548488 -7.730861
-nan -nan -nan
4.136676 2.542264 -7.096951
4.163897 2.546626 -6.328491
4.178283 2.545670 -5.417844
4.193216 2.545242 -4.766966
4.212463 2.544365 -4.142131
4.229012 2.543636 -3.500756
4.213302 2.549190 -2.948287
4.264234 2.548073 -2.796918
4.237424 2.559197 -2.222422
4.249276 2.548826 -2.448291
4.299892 2.547287 -2.544916
4.312463 2.547145 -2.884559
4.320424 2.546961 -2.940550
4.338499 2.546361 -3.316362
4.359813 2.551030 -3.522639
4.369779 2.545553 -3.788580
4.388707 2.549472 -3.971024
4.396046 2.544330 -4.471436
4.408875 2.549172 -4.619164
4.422447 2.542409 -4.899727
4.442987 2.546447 -5.098683
4.447425 2.541002 -5.074484
4.458718 2.539776 -4.897754
4.474214 2.538941 -4.507904
4.486316 2.532550 -4.282845
4.505519 2.530686 -3.911868
4.526625 2.534244 -3.615243
4.543910 2.532856 -3.236483
4.564135 2.531100 -2.877973
4.572948 2.529672 -2.682820
4.596720 2.538074 -2.214582
4.616787 2.530744 -2.297583
4.632894 2.528461 -2.153987
4.655807 2.542045 -1.489812
4.656502 2.520068 -1.756138
4.680279 2.532720 -1.341152
4.698063 2.531122 -1.222214
4.717167 2.528011 -1.098785
4.734928 2.530698 -1.028618
4.742304 2.524163 -1.019625
4.755684 2.515871 -1.042524
4.776872 2.517845 -1.246266
4.796302 2.520570 -0.944573
4.801558 2.507833 -1.099274
4.814602 2.510917 -0.997254
4.834486 2.512307 -1.187231
4.837106 2.494912 -1.266613
4.858074 2.502904 -1.041333
4.864682 2.495492 -1.267310
4.882104 2.492650 -1.391132
4.891639 2.485587 -1.147421
4.924594 2.490900 -1.005460
4.942268 2.493769 -1.199359
4.958889 2.489836 -1.058073
4.970018 2.477088 -1.266879
4.990000 2.484222 -1.283645
5.004017 2.471040 -1.265281
5.021030 2.473021 -1.198085
5.023943 2.466402 -1.150186
5.046804 2.462894 -1.577290
5.070444 2.474827 -1.190410
5.073033 2.463035 -1.080530
5.096984 2.475240 -1.452373
5.094362 2.453146 -1.173443
5.102878 2.451454 -1.486854
5.113267 2.449842 -1.569786
5.102506 2.461210 -1.345475
5.103963 2.449512 -1.975044
5.116502 2.436650 -1.948895
5.148891 2.426640 -1.651818
-nan -nan -nan
5.164196 2.434393 -1.394409
5.201701 2.434673 -1.025055
5.169364 2.430990 -1.406444
5.214713 2.425918 -1.055076
-nan -nan -nan
5.244871 2.441182 -0.792550
5.262890 2.432982 -0.883493
5.260091 2.421718 -0.972437
5.266253 2.425221 -0.827566
-nan -nan -nan
5.254693 2.380774 0.067648
-nan -nan -nan
-nan -nan -nan
5.305566 2.403807 -1.237371
5.326754 2.415928 -0.855487
5.315533 2.399443 -1.041132
5.319503 2.403539 -0.881837
5.348934 2.419314 -0.383000
5.356516 2.411415 -0.871405
5.360650 2.409603 -0.394615
5.361426 2.402848 -0.572924
5.339386 2.388834 -1.419105
5.376141 2.404958 -1.007521
5.397009 2.399169 -1.666679
5.417729 2.410601 -1.780771
5.413771 2.426406 -1.923792
5.402069 2.416602 -2.179037
5.417653 2.427096 -2.224875
5.416495 2.422063 -2.152704
5.422188 2.421555 -1.959776
5.438569 2.423802 -2.168617
5.437713 2.420072 -2.115004
5.443827 2.412458 -1.843204
5.467130 2.428507 -1.294956
5.513544 2.422741 -1.506425
5.506314 2.410210 -1.274787
5.487874 2.416132 -1.134122
5.488091 2.399727 -1.441583
5.509500 2.417639 -0.649501
-nan -nan -nan
5.499179 2.416511 -0.267733
5.503781 2.422339 -0.139455
5.514772 2.431861 0.121828
5.484545 2.401738 -0.925196
5.528660 2.446379 0.540816
5.528871 2.442840 0.579832
5.499968 2.407710 -0.672310
5.525824 2.434958 0.707715
5.536140 2.443931 0.982655
5.544496 2.443139 0.894628
5.515786 2.413063 -0.417624
5.522056 2.412073 -0.478249
5.522371 2.406811 -0.419340
5.519982 2.407387 -0.398603
5.520822 2.401944 -0.343489
5.534864 2.410500 -0.357981
-232644.499039 0.000000 177.000000
-3025.102231 0.000000 177.000000
-5206.357626 0.000000 159.250000
-2804.018384 0.000000 177.000000
-16200.064099 0.000000 159.250000
5.725419 2.427713 0.134800
5.539809 2.407775 -0.133084
5.535051 2.401924 -0.258080
5.545868 2.409558 -0.224920
5.540084 2.400520 -0.549855
5.541087 2.405313 -1.118674
5.556827 2.402119 -1.764546
5.558999 2.396373 -2.471419
5.609090 2.423745 -1.890735
5.626326 2.429978 -1.921545
5.645694 2.435507 -1.721233
5.641231 2.426217 -1.807568
5.634837 2.426706 -1.485825
5.571277 2.386374 -2.246092
5.590456 2.408621 0.260978
5.571203 2.410966 0.461084
5.597232 2.407935 0.438457
-nan -nan -nan
5.624700 2.442308 -0.546876
5.612468 2.443569 -0.664560
5.620473 2.442497 -0.998177
5.626448 2.441289 -1.806005
5.621769 2.436817 -2.447095
5.630116 2.434375 -2.769068
5.622678 2.434636 -2.682405
5.625368 2.423574 -2.834407
5.631152 2.430101 -2.481265
5.634430 2.423033 -1.687508
5.632287 2.416968 -1.339795
5.642617 2.417895 -0.726003
5.642085 2.411293 -0.391245
5.594959 2.356861 -1.920302
5.652569 2.406452 0.038695
5.660075 2.402789 0.240592
5.661835 2.396255 0.297029
5.606028 2.336749 -1.306985
5.643891 2.366923 1.118815
5.640585 2.355200 1.051216
5.659408 2.365570 1.445898
5.651869 2.350452 1.221699
5.648872 2.344016 1.086784
5.673149 2.353239 1.426951
5.652498 2.335567 1.146024
5.669816 2.342441 1.349702
5.664979 2.336150 1.486159
5.672255 2.333825 1.675272
5.657030 2.330196 2.156621
5.715754 2.318500 2.073605
5.723944 2.320786 2.692491
5.725618 2.319707 3.684747
5.718990 2.314173 4.586504
5.746482 2.344043 4.622011
5.740694 2.343203 5.205699
5.751211 2.344541 6.305790
5.753305 2.347164 6.747130
5.763100 2.348233 7.109059
5.754766 2.343351 7.275048
5.746350 2.332804 7.511273
5.759003 2.328540 7.902462
5.737910 2.329538 8.158414
5.732951 2.323848 8.041169
-nan -nan -nan
-nan -nan -nan
-nan -nan -nan
-nan -nan -nan
-nan -nan -nan
5.693384 2.295553 6.387728
-nan -nan -nan
-nan -nan -nan
-nan -nan -nan
-nan -nan -nan
-nan -nan -nan
-nan -nan -nan
-nan -nan -nan
5.534197 2.265142 -0.071284
5.516190 2.260062 -0.549605
5.497070 2.255812 -0.777338
5.485457 2.238904 -1.431298
5.465672 2.234116 -1.397521
5.453062 2.223529 -1.871624
5.436250 2.230467 -2.273328
5.414208 2.227022 -2.236794
5.405926 2.226412 -2.138460
5.390641 2.228406 -2.247501
5.382716 2.223776 -2.602903
5.384197 2.211972 -2.468488
5.367166 2.226279 -2.467283
5.325164 2.228287 -2.296182
5.330279 2.218498 -2.476072
5.282069 2.231609 -1.888348
5.305523 2.225006 -2.298721
5.269560 2.217891 -2.086382
5.283040 2.190257 -2.373766
5.277496 2.178927 -2.421667
5.251744 2.177090 -2.135269
5.247470 2.174128 -2.553992
5.230038 2.155367 -2.137260
5.222021 2.166274 -2.447177
5.192466 2.144210 -2.120215
5.194393 2.153685 -2.011140
5.186400 2.146858 -1.844671
5.162096 2.142797 -1.805116
5.079358 2.071554 -2.847330
5.104320 2.147309 -1.059003
5.098212 2.139729 -3.654433
5.034205 2.060529 -1.540203
5.024173 2.062070 -1.719635
5.039148 2.095650 -2.540333
5.092962 2.134035 -3.532109
-nan -nan -nan
5.042751 2.118679 -1.369159
5.069537 2.145261 -1.956195
5.062786 2.126323 -1.651728
5.059449 2.120067 -1.790703
5.058431 2.126657 -1.615677
5.050143 2.127633 -1.801647
5.040274 2.122533 -1.895760
5.030634 2.117575 -1.994209
5.018233 2.118901 -1.898327
5.008158 2.119336 -2.062682
5.003146 2.113282 -2.190216
4.995361 2.113412 -2.371903
4.987129 2.113893 -2.304298
4.984958 2.106962 -2.446496
4.971291 2.107907 -2.586968
4.959700 2.108825 -2.496104
4.962172 2.100876 -2.666645
4.954142 2.107417 -2.679209
4.950720 2.107377 -2.898598
4.936338 2.101862 -3.202536
4.930294 2.101411 -3.144142
4.915672 2.088913 -2.858480
4.909697 2.081583 -1.713634
4.887620 2.082886 -0.041463
4.912863 2.072705 1.622571
4.921869 2.070645 3.571452
4.913444 2.077376 4.807858
4.894854 2.046446 5.113125
4.904042 2.064561 6.302388
4.905688 2.076528 6.885257
4.884119 2.052372 6.627855
-nan -nan -nan
-nan -nan -nan
-nan -nan -nan
4.859180 2.071597 7.092280
4.863135 2.064360 6.651231
4.831360 2.060135 6.469536
4.815392 2.067592 6.506545
4.799291 2.062233 6.456111
4.789221 2.062769 6.031233
4.740372 2.020394 4.958394
4.750174 2.064968 5.567766
4.729904 2.059646 5.295524
4.720451 2.059529 5.121527
4.693487 2.048048 4.726007
4.680536 2.055116 4.487901
4.656647 2.049778 4.237926
4.631254 2.038070 3.826331
4.615946 2.045649 3.347174
4.588319 2.046921 2.787328
4.575330 2.041438 2.200933
4.560844 2.048688 1.467956
4.553904 2.029471 0.255361
4.467672 2.054112 0.321230
4.447692 2.055180 -0.301436
4.419276 2.049830 -0.789516
4.391126 2.057800 -0.942032
4.343394 1.986856 -2.767918
4.317633 1.988049 -3.113870
4.291882 1.988940 -3.457977
4.307256 2.055020 -2.346025
4.267047 2.049650 -2.519841
4.228507 2.050591 -2.283284
4.259001 2.043351 -2.643568
4.219493 2.007008 -3.713083
4.233645 2.049364 -3.051677
4.215739 2.059327 -2.804235
4.195046 2.062235 -2.957106
4.176363 2.063007 -2.848656
4.158334 2.063238 -2.738845
4.148410 2.069484 -2.499421
4.100183 2.015922 -3.335682
4.085365 2.014505 -3.230742
4.100036 2.059719 -2.090234
4.052262 2.014070 -3.029917
4.027913 2.008663 -3.075483
3.997291 2.009601 -3.159403
3.983679 2.076099 -1.585154
3.981874 2.051611 -2.048360
3.981396 2.065424 -1.951605
3.950152 2.020091 -3.010328
3.940196 2.014017 -3.135421
3.958363 2.073712 -1.911773
3.946543 2.073959 -1.846640
3.945959 2.074039 -2.094193
3.927393 2.074372 -1.991900
3.920485 2.074004 -1.948546
3.912932 2.080745 -1.980859
3.907454 2.074192 -1.876890
3.883143 2.073486 -1.482456
3.871667 2.053603 -0.947650
-96.707474 0.000000 156.500000
3.925974 2.046113 2.082651
3.877078 2.038169 3.694475
-nan -nan -nan
3.921299 2.051303 6.800782
-nan -nan -nan
-nan -nan -nan
-nan -nan -nan
-nan -nan -nan
3.855512 2.057490 10.348354
3.842859 2.064208 10.343526
3.809940 2.057203 10.100248
3.805878 2.063749 10.050168
3.775637 2.062749 9.973831
-nan -nan -nan
-nan -nan -nan
-nan -nan -nan
-nan -nan -nan
-nan -nan -nan
-nan -nan -nan
-45.129532 0.000000 155.250000
-nan -nan -nan
3.375853 2.075027 -0.167553
-nan -nan -nan
3.298291 2.026101 -2.562597
3.301551 2.074138 -1.819146
-nan -nan -nan
-nan -nan -nan
3.354896 2.052882 -3.342809
3.271229 2.063962 -3.329772
3.162723 2.053993 -3.506933
3.151503 2.063192 -3.551315
3.138172 2.043041 -4.293154
-nan -nan -nan
3.088659 2.047489 -4.380770
-nan -nan -nan
3.183109 2.023463 -5.036132
-nan -nan -nan
3.002775 2.025522 -4.814159
2.964309 2.025743 -4.913789
2.942449 2.027417 -4.844331
2.925892 2.022765 -4.734419
2.915216 2.019608 -4.912310
2.881277 2.008072 -4.920046
2.868762 2.009333 -4.634735
2.869888 2.006747 -4.613962
2.842031 2.001785 -4.461015
2.813836 1.989920 -4.241697
2.817278 1.982824 -4.186027
-nan -nan -nan
2.905704 1.960835 -4.052111
2.748576 1.972903 -3.340654
2.882902 1.959620 -3.204606
2.930866 1.951546 -3.306006
2.721616 1.957227 -3.094797
2.913461 1.945910 -3.434889
-nan -nan -nan
2.724094 1.946065 -3.496948
2.699838 1.946315 -3.414141
2.689840 1.942909 -3.346829
-nan -nan -nan
-nan -nan -nan
-nan -nan -nan
-nan -nan -nan
-nan -nan -nan
-9.891744 3.812805 -12.030017
-6.594625 2.332604 -9.080568
-4.444421 1.838695 -8.404787
-3.199016 1.851179 -9.386028
-2.490148 1.866578 -10.089400
-2.014920 1.892540 -10.701114
-1.768562 1.884058 -10.916566
-1.535312 1.900406 -11.271469
-1.435681 1.900977 -11.390724
-1.361402 1.896387 -11.451732
-1.344112 1.902068 -11.505811
-1.493289 1.886580 -11.239822
-1.620354 1.878035 -11.046061
-1.984725 1.862919 -10.568551
-2.231427 1.861731 -10.312824
-2.625051 1.824655 -9.744432
-2.949042 1.819015 -9.432661
-3.288157 1.806039 -9.089951
-3.799533 1.794411 -8.646987
-4.190095 1.766824 -8.246980
-4.641283 1.723168 -7.762305
-5.179106 1.825869 -7.887701
-5.651517 2.154215 -8.967356
-6.182785 2.339206 -9.365636
-6.878597 2.543699 -9.701698
-nan -nan -nan
-nan -nan -nan
-nan -nan -nan
-nan -nan -nan
-nan -nan -nan
-nan -nan -nan
-nan -nan -nan
-nan -nan -nan
-10.359546 3.988815 -12.007649
-11.929186 4.429183 -11.780108
-nan -nan -nan
-nan -nan -nan
3.204290 1.861408 -3.713233
3.305371 1.837186 -3.372291
-nan -nan -nan
3.366319 1.846955 -1.981903
3.268047 1.806192 -2.641911
-nan -nan -nan
-nan -nan -nan
-nan -nan -nan
-nan -nan -nan
-162.842595 0.000000 157.000000
-108.683199 0.000000 157.500000
-nan -nan -nan
-nan -nan -nan
-56.540418 0.000000 158.750000
-nan -nan -nan
-41.074365 0.000000 159.500000
3.768969 1.827338 1.890984
-nan -nan -nan
-nan -nan -nan
-27.097406 0.000000 180.000000
-25.427884 0.000000 180.000000
5.987993 1.943101 -0.251890
-nan -nan -nan
-21.990813 0.000000 180.000000
3.898168 1.818202 3.343931
3.907843 1.810644 3.382199
3.923708 1.817259 3.472123
3.947094 1.810194 3.432501
-19.445843 0.000000 180.000000
3.966565 1.817649 3.491511
6.215879 1.466710 92.076681
-21.735910 0.000000 180.000000
-22.570161 0.000000 180.000000
-23.694534 0.000000 180.000000
-24.974272 0.000000 180.000000
-25.882130 0.000000 180.000000
-nan -63.963089 -nan
-nan -69.825548 -nan
-nan -83.894599 -nan
-37.812934 0.000000 160.500000
4.090799 1.888393 1.966500
-49.740935 0.000000 160.000000
-60.280820 0.000000 159.500000
4.133299 1.919864 1.095050
4.142369 1.923970 0.742552
-115.059596 0.000000 158.500000
4.150706 1.946940 0.420107
4.153100 1.965254 0.439018
4.205999 1.969090 0.570651
4.164290 1.988729 0.844274
4.808993 2.059486 0.161671
4.181472 2.019099 1.381742
4.135032 2.012343 1.245711
4.271837 2.040736 1.804417
-nan -nan -nan
4.146263 2.047742 1.265377
4.156012 2.078686 1.347123
4.634545 2.124009 0.493124
-155.551855 0.000000 156.750000
-469.634964 0.000000 156.250000
4.141735 2.140734 -0.023427
4.149107 2.145964 -0.629356
-nan -nan -nan
4.166465 2.156120 -1.104991
-nan -nan -nan
4.171315 2.174468 -1.594029
4.181875 2.187575 -1.810335
4.161065 2.175000 -2.034301
4.159805 2.174841 -2.024446
4.149199 2.182053 -2.038019
4.140699 2.152313 -2.898184
4.135531 2.154245 -2.887449
4.124149 2.156768 -2.844320
4.120555 2.158531 -2.841650
4.135741 2.159815 -2.951741
4.136454 2.160829 -2.967693
4.108536 2.162601 -3.062221
4.132026 2.163192 -3.216421
4.044002 2.171357 -2.761379
4.138011 2.170639 -3.088260
4.176970 2.220459 -1.648504
4.185407 2.220821 -1.707574
-nan -nan -nan
4.152251 2.170717 -3.179623
4.182950 2.175679 -3.182695
4.214807 2.218391 -2.123315
4.228170 2.218892 -2.467453
4.229532 2.221320 -2.503886
4.252727 2.217493 -2.615423
4.253202 2.225090 -2.704567
4.281984 2.230221 -2.707083
-nan -nan -nan
4.249431 2.219127 -2.361846
4.299025 2.202518 -2.757649
4.268935 2.214026 -2.185027
4.234269 2.163962 -3.133658
4.246329 2.163161 -2.953933
4.243832 2.162982 -2.935403
4.235370 2.162548 -2.874708
4.243803 2.161990 -2.923840
4.291368 2.191849 -2.083631
4.265020 2.147244 -2.894644
4.308841 2.202836 -1.578207
4.308205 2.201776 -1.561734
4.311354 2.206827 -1.391061
4.285837 2.150330 -2.818875
4.305553 2.148300 -2.677758
4.310343 2.148058 -2.707267
4.329279 2.147156 -2.575125
4.342962 2.146440 -2.660127
4.385630 2.195892 -1.530552
4.395120 2.201559 -1.413091
4.405451 2.201973 -1.491083
4.379033 2.152821 -2.733312
4.391123 2.151696 -2.804373
4.417921 2.186233 -1.646760
4.427109 2.183284 -1.677822
4.391693 2.139263 -2.662502
4.382144 2.132561 -2.517407
4.363213 2.126066 -2.560559
4.397769 2.187184 -0.765076
4.408621 2.173859 -1.186488
4.427491 2.179101 -1.131676
4.427527 2.178362 -0.873293
4.407197 2.121157 -2.307203
4.457703 2.169340 -0.983739
4.468746 2.173854 -0.616623
4.480371 2.166829 -0.618163
4.486216 2.165311 -0.392766
4.494956 2.158393 -0.624607
4.516315 2.168519 -0.401377
4.513320 2.161786 -0.299440
4.521693 2.154069 -0.269374
-214442.756866 0.000000 158.500000
-1202.072672 0.000000 158.750000
-1769.456721 0.000000 158.250000
4.563747 2.162120 -0.178455
4.571395 2.161665 -0.480589
-nan -nan -nan
4.571736 2.165854 -1.033225
4.564005 2.169251 -1.015501
4.562727 2.172476 -1.044310
4.571798 2.178530 -0.934857
4.582802 2.176013 -0.988288
4.596563 2.171664 -1.041125
4.592599 2.156539 -1.329663
4.620349 2.145513 -1.658718
4.622667 2.155987 -1.052931
4.633538 2.147939 -1.289517
4.643845 2.146527 -1.352129
4.660884 2.156286 -1.352979
-nan -nan -nan
-nan -nan -nan
-nan -nan -nan
4.636017 2.091023 -0.114725
4.691650 2.148806 -1.004119
4.672576 2.099083 0.004496
4.644895 2.094451 0.025207
4.679800 2.097027 -0.026374
4.698897 2.088162 -0.066018
4.692526 2.087224 -0.004502
4.701078 2.092242 0.116321
4.720313 2.089019 0.004631
4.690257 2.050989 -1.535763
4.739000 2.098718 -0.014563
4.736508 2.086756 -0.095841
4.752504 2.092106 -0.040495
4.765580 2.102608 -0.026798
4.779317 2.092856 -0.766517
4.772243 2.092122 -0.449932
4.785956 2.082292 -0.438106
4.793631 2.080801 -0.481910
4.757990 2.009869 -1.796650
4.763166 2.008517 -1.820386
4.817834 2.062347 -0.447087
4.821851 2.061240 -0.216078
4.766793 1.991788 -1.134775
4.749987 1.985733 -0.924612
4.813148 2.033451 0.459071
4.805168 2.026410 0.863960
4.808333 1.984455 1.628251
4.900803 2.123204 -0.914340
4.922035 1.970432 1.373703
4.962012 2.083839 -0.447291
5.038813 2.086156 -0.414688
4.974735 2.074192 -0.185437
4.999760 2.018558 0.817376
4.988453 2.064736 -0.184788
5.012041 2.060402 -0.088923
4.959820 2.000684 0.901857
4.965687 2.005815 1.033536
4.979259 2.016411 1.276016
5.023242 2.061949 0.290322
5.008781 1.997429 1.016417
5.000646 2.011087 1.407882
5.005715 2.015948 1.298979
5.014762 2.000768 1.419192
5.029775 2.010965 1.400384
5.016717 1.998957 1.425830
5.041243 2.001111 1.428126
5.066717 2.035771 0.738396
5.065230 2.028613 0.596458
5.049547 1.990484 1.494954
5.057432 1.995350 1.608874
5.053834 1.987931 1.490416
5.064253 1.992415 1.586290
5.063792 1.978155 1.531429
5.071473 1.990020 1.552743
5.086355 2.005977 0.703493
5.079962 1.986877 1.767519
5.078807 1.979633 1.625305
5.069693 1.966920 1.629161
5.083997 1.977294 1.859444
5.096519 1.968758 1.360065
5.083290 1.969868 1.465964
5.084970 1.969145 1.210397
5.090521 1.961146 1.017896
5.110704 1.964489 0.787451
5.087948 1.974105 1.116323
5.238245 1.983977 0.557467
5.100091 1.964640 0.633015
5.096506 1.957740 0.509371
5.094338 1.957727 0.279378
5.208619 1.967028 0.078450
5.274075 1.969111 0.156999
7.036820 2.010745 -1.154799
5.225466 1.969045 0.137256
5.377688 1.974802 0.017456
5.303243 1.967887 0.130888
5.492335 1.977271 -0.005455
5.235901 1.958244 0.434091
5.169160 1.947762 0.470042
5.114033 1.955702 0.376112
5.162985 1.955277 0.175302
-1453.814737 0.000000 172.000000
5.056177 1.959072 -0.143197
5.050789 1.966981 -0.201370
5.036383 1.969020 -0.349975
5.029733 1.962992 -0.459942
5.023905 1.955768 -0.561281
5.021720 1.933767 -0.745257
5.047724 1.941367 -0.828241
5.024768 1.929370 -0.712486
5.025259 1.920937 -0.852327
5.026831 1.919480 -0.846324
5.035336 1.930151 -0.816229
5.030812 1.922555 -0.673139
5.016653 1.909356 -0.619433
-nan -nan -nan
5.024766 1.913020 -0.490255
5.036339 1.917406 -0.401737
5.035529 1.916341 -0.380077
5.027471 1.916588 -0.062586
5.026448 1.902159 -0.106738
5.033825 1.893546 -0.303332
5.029439 1.906689 0.055158
5.056256 1.935196 -0.570636
5.026016 1.898228 0.200819
5.016012 1.885114 -0.032372
5.028835 1.889085 0.301543
5.026344 1.888600 0.329935
5.030522 1.894322 0.464936
5.053674 1.923416 -0.387250
-993.289981 0.000000 173.000000
-340.024404 0.000000 173.000000
-260.148655 0.000000 162.750000
5.047558 1.882879 0.472872
-1124.181705 0.000000 172.750000
5.009397 1.880985 0.331548
5.003602 1.867932 0.060894
5.016521 1.872919 0.130895
4.991947 1.876191 0.297273
5.000037 1.882252 -0.105196
5.010134 1.887895 -0.269588
5.002546 1.875101 -0.528643
4.996831 1.882851 -0.335849
4.982531 1.878268 -0.400809
4.994757 1.883228 -0.573214
4.995672 1.876068 -0.482925
4.991704 1.876580 -0.455979
4.978577 1.864187 -0.424163
5.001116 1.882012 -0.361176
4.996043 1.882434 -0.573377
4.990714 1.883058 -0.536234
4.990014 1.876499 -0.690429
4.991669 1.876059 -0.698543
4.992260 1.876182 -0.705288
4.980829 1.871507 -0.793709
4.976321 1.872578 -0.770124
4.973992 1.866493 -0.916991
4.975020 1.880755 -0.870928
4.982850 1.888292 -0.790512
4.974212 1.883502 -0.651568
4.939494 1.833622 0.573170
4.942742 1.848958 0.335430
4.933610 1.837787 0.564373
4.934892 1.839660 0.528063
4.965627 1.894447 -0.477732
4.970744 1.924199 -0.673923
4.969283 1.934001 -0.543299
4.964371 1.930734 -0.707347
4.968272 1.954174 -0.804785
4.963090 1.958651 -0.819942
4.968471 1.975301 -0.837699
4.968660 1.986006 -0.981129
4.960240 1.998015 -0.816664
4.952127 2.003411 -0.817503
4.953343 2.021171 -0.810533
4.947454 2.020463 -0.500351
4.958560 2.037256 -0.565463
4.953224 2.056470 -0.518003
4.954129 2.082314 -0.358517
4.954254 2.102333 -0.365471
4.947707 2.105057 -0.592635
4.941066 2.126193 -0.552250
4.940215 2.138816 -0.453884
4.935815 2.156682 -0.139238
4.933768 2.168140 -0.014224
4.948233 2.177812 -0.262530
4.857344 2.130604 -1.385812
4.911077 2.195713 -0.156534
4.913802 2.208583 -0.088732
4.904947 2.222729 0.065779
4.900578 2.224045 0.087996
4.906362 2.242283 0.065231
4.945577 2.321320 -0.984341
4.911004 2.284878 -0.239702
4.949539 2.349726 -0.606535
-21087.246099 0.000000 168.000000
-2537.755468 0.000000 168.000000
-1951.843811 0.000000 167.750000
4.931519 2.387165 -0.631596
-7620.154666 0.000000 167.750000
4.910817 2.397202 -0.811421
4.906135 2.401589 -0.820124
4.853085 2.342156 0.090772
4.907504 2.418486 -0.777175
4.876616 2.386025 -0.127042
4.899487 2.430240 -1.090010
4.849693 2.382615 -0.850648
4.858715 2.390316 -1.018798
4.852702 2.399039 -1.066593
4.843356 2.390610 -0.887616
4.840183 2.388936 -1.340605
4.852322 2.419480 -1.297885
4.880438 2.468429 -2.103665
4.873702 2.472285 -2.087048
4.874954 2.470812 -2.581600
4.868022 2.480286 -2.376520
4.877549 2.493425 -2.109016
4.845991 2.462608 -1.482241
4.870478 2.500892 -2.129370
4.869707 2.509082 -1.963868
4.869153 2.511820 -1.989420
4.869190 2.513937 -2.013311
4.847043 2.497875 -2.637405
4.871858 2.524035 -2.149365
4.865030 2.526435 -1.864922
4.871955 2.533077 -2.000399
4.861703 2.535239 -1.932632
4.865415 2.537176 -1.987183
4.861033 2.538827 -1.966259
4.857339 2.541061 -1.957957
4.850414 2.547915 -1.721761
4.851451 2.549727 -1.750899
4.845281 2.551345 -1.963831
4.797409 2.499587 -1.471644
4.831335 2.545499 -2.026126
4.826601 2.552172 -2.057606
4.823077 2.558024 -1.340644
4.841933 2.552061 -1.441971
4.848208 2.558122 -1.064179
4.843896 2.549668 -0.933118
4.851210 2.550256 -1.004575
4.838456 2.556710 -0.712128
4.830415 2.557391 -0.648453
4.807758 2.560009 -0.727771
4.798307 2.556205 -0.853577
4.788841 2.567017 -0.389021
4.778747 2.562794 -0.505377
4.765880 2.564518 -0.412901
4.754132 2.565087 -0.567990
4.730623 2.556769 -0.776679
4.727071 2.562736 -0.811302
4.714391 2.558152 -0.904076
4.709327 2.568227 -0.720481
4.706696 2.569060 -0.957290
4.691293 2.564863 -1.032336
4.667778 2.566189 -0.850350
4.612338 2.522590 -2.422855
4.655858 2.562462 -1.211282
4.649626 2.561906 -1.403793
-nan -nan -nan
4.627557 2.556709 -1.416422
4.625959 2.561446 -0.704411
4.609983 2.550614 -0.457431
4.622728 2.559825 0.089461
-997.526753 0.000000 175.500000
-764.928644 0.000000 175.250000
-1117.126979 0.000000 165.500000
-1623.130275 0.000000 175.500000
-2644.328150 0.000000 175.500000
-8313.873406 0.000000 165.500000
-19153.238830 0.000000 165.250000
4.595661 2.546851 -0.050861
4.597188 2.556453 0.083319
4.590058 2.546688 -0.253923
-nan -nan -nan
4.588124 2.552462 -0.300572
4.579829 2.546856 -0.673494
-nan -nan -nan
-nan -nan -nan
4.525109 2.515108 -1.646820
4.553182 2.560409 -0.356169
4.548320 2.519911 0.118552
4.566208 2.561435 -0.471076
4.540134 2.532569 0.046439
4.556081 2.564044 -0.668173
4.556248 2.564294 -0.672178
4.523254 2.531063 -0.304530
4.543335 2.566587 -0.844033
4.530835 2.562453 -0.950941
4.502407 2.522351 -0.547925
4.498478 2.533610 -0.388516
4.491660 2.535014 -0.350670
4.492505 2.539859 -0.409179
4.478266 2.536050 -0.508194
4.470302 2.530790 -0.890482
4.466412 2.536989 -0.426991
4.479412 2.572554 -0.906238
4.456753 2.553406 -1.278035
-7086.504513 0.000000 154.250000
-198.808300 0.000000 155.000000
-91.870324 0.000000 155.750000
-60.768203 0.000000 156.500000
-46.552228 0.000000 157.000000
-42.593534 0.000000 157.500000
-44.690736 0.000000 167.000000
-53.694547 0.000000 157.000000
-71.279758 0.000000 166.000000
-105.287813 0.000000 165.500000
-177.953259 0.000000 165.000000
-364.547739 0.000000 164.500000
-5013.792069 0.000000 164.250000
4.362220 2.557310 -0.356690
4.380155 2.550505 -0.668126
4.396193 2.544806 -1.227583
4.437609 2.550541 -1.351276
4.441346 2.550019 -1.624195
4.412027 2.558634 -1.493205
4.396048 2.563066 -1.419757
4.410984 2.541284 -2.301261
4.387014 2.536081 -2.316363
4.347411 2.527557 -2.182873
4.311326 2.531876 -1.965384
4.264378 2.493639 -1.474292
4.263702 2.529751 -1.850915
4.243363 2.533827 -1.749408
4.213295 2.523114 -2.175867
4.194334 2.516677 -2.226562
4.155476 2.489038 -1.420000
-nan -nan -nan
-nan -nan -nan
-nan -nan -nan
4.076900 2.517158 -1.935230
-nan -nan -nan
4.030324 2.509017 -1.794763
3.998551 2.471258 -3.199092
4.009674 2.512446 -1.945920
4.004248 2.501138 -2.294482
3.981137 2.500124 -2.385632
4.031768 2.461091 -2.307117
-nan -nan -nan
-nan -nan -nan
-nan -nan -nan
-nan -nan -nan
-nan -nan -nan
-nan -nan -nan
3.962700 2.490790 -3.672287
3.971104 2.468428 -3.495008
4.027181 2.467688 -4.096187
4.027751 2.449834 -4.663683
4.031096 2.453954 -4.478295
4.031052 2.454143 -4.729992
4.035177 2.452974 -4.744429
4.034460 2.446842 -4.925675
4.030738 2.446347 -4.896479
4.035452 2.445725 -4.920387
4.039710 2.445162 -4.692005
4.048937 2.445268 -4.752892
-nan -nan -nan
4.018547 2.444145 -4.295046
4.033737 2.443684 -4.137947
4.064436 2.443849 -3.838843
-nan -nan -nan
4.058972 2.432934 -3.938483
4.073781 2.437795 -3.586202
4.068124 2.443064 -3.104677
4.078044 2.443944 -3.178854
4.074227 2.432478 -3.283088
4.079956 2.444186 -2.693939
4.088445 2.444397 -2.751955
4.098271 2.444691 -2.569867
4.095452 2.445110 -2.305664
-nan -nan -nan
4.113971 2.451970 -2.250718
-nan -nan -nan
-nan -nan -nan
-nan -nan -nan
-nan -nan -nan
-nan -nan -nan
-nan -nan -nan
-nan -nan -nan
-nan -nan -nan
-nan -nan -nan
-nan -nan -nan
-nan -nan -nan
-nan -nan -nan
-nan -nan -nan
-nan -nan -nan
-nan -nan -nan
4.149527 2.433003 4.462385
4.158555 2.444397 6.780499
4.185442 2.443829 8.353996
4.192071 2.450345 9.739323
-nan -nan -nan
4.178264 2.457381 11.008938
4.205583 2.457770 11.067527
4.214800 2.463878 10.938925
4.209076 2.465281 10.713599
-nan -nan -nan
4.170259 2.473562 10.142302
4.142689 2.469235 9.624895
4.105527 2.465758 9.160343
4.159418 2.478093 8.918317
4.081167 2.480078 8.421860
-nan -nan -nan
4.034409 2.483717 7.440386
4.020881 2.497152 7.139094
3.992771 2.493152 6.361624
3.969308 2.495337 5.489013
3.952206 2.497372 4.576611
3.927240 2.505256 3.153298
-nan -nan -nan
-nan -nan -nan
-nan -nan -nan
-nan -nan -nan
-nan -nan -nan
-nan -nan -nan
-nan -nan -nan
-nan -nan -nan
-nan -nan -nan
3.679050 2.535411 -4.153205
3.646042 2.531183 -4.671667
3.623266 2.542731 -4.405110
3.625002 2.544526 -4.682542
3.442955 2.563021 -4.354725
3.431784 2.564335 -4.557354
3.403895 2.564779 -4.662964
3.390264 2.570118 -4.641470
3.505365 2.557834 -5.393598
3.510435 2.558913 -5.431804
3.499493 2.559627 -5.628704
3.492414 2.564999 -5.641631
3.336214 2.571745 -5.373596
3.454065 2.559789 -6.133607
3.415428 2.568375 -6.008480
3.426264 2.554501 -6.434026
3.427014 2.565648 -6.294358
3.412977 2.569723 -6.258244
3.401918 2.570627 -6.458032
3.386522 2.564587 -6.569251
3.389958 2.570207 -6.390701
3.373835 2.570100 -6.304679
3.332015 2.572473 -6.108657
3.320789 2.572191 -6.047860
3.349658 2.569792 -6.175164
3.297790 2.571735 -6.175149
3.329998 2.573901 -5.861637
3.291240 2.577040 -5.691289
3.318538 2.574407 -5.807066
3.309501 2.579111 -5.554571
3.311397 2.574898 -5.524812
3.304063 2.576326 -5.250438
3.303309 2.585991 -4.837114
3.273912 2.590104 -4.474682
3.283916 2.576421 -4.648001
3.299003 2.588090 -4.084577
3.284157 2.587701 -4.004676
3.262524 2.591491 -3.679511
3.150750 2.598162 -3.181796
3.262199 2.591996 -3.182554
3.260656 2.587328 -3.131246
3.253921 2.587655 -3.100079
3.266753 2.593556 -2.970286
3.281766 2.589117 -3.005650
3.276014 2.588437 -2.969880
3.285159 2.584240 -3.227486
3.292248 2.589984 -3.317526
3.302603 2.590333 -3.874105
3.290006 2.589829 -4.554564
3.329309 2.596789 -5.322982
3.309666 2.591473 -6.671247
3.289931 2.594778 -7.600375
3.321505 2.596748 -8.781992
3.318562 2.591230 -9.965037
3.312525 2.595790 -10.726429
-nan -nan -nan
3.237640 2.603875 -11.418141
3.237217 2.599376 -11.874314
3.251857 2.596329 -12.170253
3.257006 2.600453 -12.234744
3.291794 2.592839 -12.341856
3.291690 2.595907 -12.119959
3.316135 2.588224 -12.174294
3.365743 2.580737 -12.362675
3.360890 2.589576 -11.920492
3.412630 2.586796 -11.668440
3.413360 2.580893 -11.616367
3.419494 2.585031 -11.188420
3.458113 2.582309 -10.870578
3.482522 2.581772 -10.498286
3.467868 2.584382 -10.193321
3.623906 2.565643 -10.382500
-nan -nan -nan
3.553087 2.581806 -9.388758
-nan -nan -nan
3.605199 2.576928 -8.885580
3.750784 2.560317 -9.320588
3.772264 2.560453 -9.200445
3.806856 2.560229 -8.907198
3.719581 2.573261 -8.263037
3.848114 2.566671 -8.224108
3.894072 2.559862 -8.191693
3.894943 2.559166 -7.940155
3.979839 2.559150 -7.729968
3.993476 2.557407 -7.550520
4.022507 2.562140 -7.037997
3.963175 2.561566 -6.397157
4.068079 2.544524 -6.408727
4.105989 2.549158 -5.710185
4.132141 2.542331 -5.316787
-nan -nan -nan
4.206475 2.543875 -3.095152
4.250997 2.541660 -2.135552
4.284021 2.534546 -1.296599
4.316946 2.548390 -0.180255
-377.335440 0.000000 154.250000
-160.842232 0.000000 154.750000
-105.496111 0.000000 155.250000
-82.387264 0.000000 155.500000
4.563747 2.538451 1.795740
-56.943698 0.000000 156.500000
-50.912178 0.000000 156.750000
4.845726 2.527652 2.543345
-40.811923 0.000000 157.500000
-36.799150 0.000000 158.000000
-nan -50.572170 -nan
-nan -77.911647 -nan
4.724801 2.533171 4.030182
4.740574 2.521312 4.276450
4.757198 2.518216 4.418672
4.773224 2.517066 4.043781
4.800557 2.519780 4.777154
4.810054 2.517622 4.968210
4.815572 2.500858 4.606049
4.857491 2.502817 4.714806
4.899162 2.550650 4.560376
4.894465 2.494388 5.478314
4.914076 2.534904 4.098915
4.971693 2.545119 4.454867
4.984607 2.503397 5.550349
4.965967 2.542117 4.291462
5.021864 2.506606 5.413703
4.971519 2.507625 5.374764
4.998361 2.500169 4.957905
5.014905 2.550795 3.485763
5.034570 2.560365 3.692535
5.059048 2.563567 3.422013
5.009650 2.504960 3.797729
-51.309355 0.000000 168.250000
-179.358568 0.000000 176.000000
5.027838 2.535298 -0.464667
5.029241 2.537364 -2.501075
5.037550 2.548874 -4.458502
5.040935 2.550315 -6.006902
5.035183 2.558270 -7.790124
5.035659 2.585588 -7.845925
5.047040 2.579440 -8.387530
5.065537 2.575306 -8.520426
5.070437 2.572444 -8.786311
5.105340 2.594383 -8.118763
5.077263 2.579214 -7.427290
5.090600 2.560125 -6.596154
5.111797 2.584200 -6.320372
5.136281 2.592542 -5.404734
5.113804 2.558775 -5.058790
5.149365 2.570014 -3.786498
5.184934 2.583242 -3.041017
5.177895 2.582865 -2.215565
5.204851 2.584135 -1.753605
5.227952 2.587929 -1.282622
5.241057 2.587864 -0.917363
5.249682 2.594398 -0.579002
5.263223 2.594158 -0.467519
5.265169 2.576386 -0.541252
5.297791 2.598516 0.370685
5.320617 2.601740 0.342302
5.326817 2.602873 0.513491
5.318713 2.585659 0.040164
5.341726 2.599434 0.641187
-12268.164831 0.000000 175.000000
-1531.109567 0.000000 175.250000
-758.768151 0.000000 175.250000
-483.903505 0.000000 175.250000
-421.684968 0.000000 175.250000
-352.141190 0.000000 175.500000
-272.754807 0.000000 175.500000
-216.674349 0.000000 175.500000
-201.658136 0.000000 175.750000
-185.244128 0.000000 175.750000
-169.039822 0.000000 175.750000
-150.995881 0.000000 167.000000
-137.915752 0.000000 176.000000
-125.214926 0.000000 176.000000
-121.679562 0.000000 176.000000
-116.693344 0.000000 176.000000
-113.945829 0.000000 176.000000
-107.579640 0.000000 167.500000
-99.883673 0.000000 167.500000
-95.088007 0.000000 176.250000
-95.995636 0.000000 176.250000
-95.339986 0.000000 176.250000
-102.632651 0.000000 159.250000
-109.913206 0.000000 176.000000
-108.480581 0.000000 176.250000
-92.662552 0.000000 176.500000
-74.098056 0.000000 176.750000
-57.565944 0.000000 177.250000
5.754010 2.630855 3.737754
5.626230 2.616140 4.219217
5.637001 2.620211 4.795254
5.634293 2.616290 4.870581
5.648460 2.622997 5.376511
5.639128 2.615668 5.069051
5.664747 2.626709 4.888413
-42.042757 0.000000 177.750000
-63.477059 0.000000 176.750000
-121.335603 0.000000 176.000000
-424.620762 0.000000 175.250000
5.618330 2.637558 1.331504
5.614354 2.632405 0.934784
5.609565 2.632219 1.243982
-309.224133 0.000000 175.500000
-63.883095 0.000000 177.250000
5.620775 2.608512 5.117963
5.652821 2.610578 6.958816
5.663274 2.606445 8.126816
5.668102 2.602842 9.107314
5.757066 2.661157 7.625596
5.704935 2.631968 8.338286
5.706374 2.637599 7.759844
5.690284 2.642232 6.658442
5.681031 2.648806 5.201407
5.717162 2.646607 3.279510
-110.862852 0.000000 167.250000
5.586171 2.648844 0.592167
5.574959 2.644630 -0.230168
5.548118 2.633021 -1.290178
5.545949 2.640561 -1.596612
5.535844 2.636090 -1.930763
5.518911 2.628265 -2.399951
5.517036 2.635950 -2.711851
5.497734 2.627363 -2.897002
5.485446 2.623520 -3.464923
5.480979 2.613964 -3.309649
5.463282 2.623799 -3.466741
5.485941 2.645105 -4.205035
5.467917 2.632856 -4.617756
5.423257 2.597390 -4.228642
5.464266 2.643686 -4.194015
5.426199 2.612587 -3.428479
5.440112 2.635489 -4.083686
5.435548 2.634314 -4.019904
5.433527 2.632340 -4.225876
5.391720 2.601260 -3.422786
5.412654 2.631087 -3.730244
5.406562 2.622538 -4.069644
5.403567 2.624704 -3.560237
5.350235 2.588367 -3.078446
5.358404 2.586903 -2.900681
5.359672 2.585618 -2.650206
5.345998 2.583737 -2.731410
5.340718 2.570980 -2.782770
5.352211 2.577045 -2.974264
5.348552 2.576799 -3.181986
5.368270 2.601397 -3.917899
5.323327 2.576917 -2.912192
-nan -nan -nan
-nan -nan -nan
5.294800 2.624840 -2.886231
5.279431 2.613942 -2.354926
5.273138 2.598048 -2.114245
5.282986 2.582440 -2.045349
5.334214 2.616864 -2.469414
5.336273 2.591879 -2.716777
5.365242 2.609170 -2.220426
5.327042 2.557449 -2.234878
5.340922 2.565920 -1.478559
5.384981 2.600747 -2.093220
5.364441 2.568053 -1.256741
5.361937 2.562958 -1.422680
5.377753 2.567490 -1.395494
5.376470 2.568577 -1.143610
5.351936 2.538186 -0.786294
5.388189 2.573453 -1.076170
5.352898 2.540020 -0.567355
5.343158 2.527301 -1.068595
5.364623 2.541395 -0.459927
5.364299 2.542365 -0.467342
5.355690 2.545067 -0.404398
5.369745 2.549324 -0.354828
5.370956 2.556145 -0.444525
5.363373 2.553654 -0.334128
5.375378 2.554267 -0.471688
5.375712 2.560587 -0.546100
5.382098 2.561110 -0.621731
5.377197 2.558888 -0.543301
5.371384 2.555744 -0.944697
5.388192 2.570047 -0.788252
5.387235 2.571516 -0.794140
5.397149 2.580801 -0.506271
5.374643 2.559028 -1.267008
5.378649 2.568963 -1.171709
5.377000 2.563704 -1.094999
5.398386 2.576452 -0.971584
5.470675 2.644476 -2.524997
5.396083 2.581120 -0.748089
5.379396 2.577263 -0.772275
5.415934 2.581939 -0.976402
5.418238 2.579456 -0.974405
5.481573 2.635353 -2.549680
5.443907 2.599132 -1.728330
-nan -nan -nan
-nan -nan -nan
5.454312 2.587230 -1.963706
-nan -nan -nan
5.455366 2.569842 -2.032400
-nan -nan -nan
-nan -nan -nan
-nan -nan -nan
-nan -nan -nan
-nan -nan -nan
-nan -nan -nan
-nan -nan -nan
-nan -nan -nan
-nan -nan -nan
-nan -nan -nan
-nan -nan -nan
-nan -nan -nan
-nan -nan -nan
-nan -nan -nan
-nan -nan -nan
-nan -nan -nan
-nan -nan -nan
-nan -nan -nan
-nan -nan -nan
-nan -nan -nan
-nan -nan -nan
-nan -nan -nan
-nan -nan -nan
-nan -nan -nan
-nan -nan -nan
-nan -nan -nan
5.539195 2.205344 13.383684
5.575480 2.206174 13.949601
5.474036 2.171923 14.809757
5.495257 2.195728 14.761294
5.470704 2.179276 15.001370
5.459945 2.172125 14.214634
5.436722 2.155281 13.941874
5.498816 2.167511 13.587993
5.474401 2.156574 13.256441
5.460736 2.157885 12.641870
5.436154 2.166105 11.806689
5.390393 2.154573 10.455854
5.390314 2.195671 7.424272
5.348022 2.195524 5.129274
5.325570 2.191617 2.666388
-467.359679 0.000000 179.750000
5.238169 2.190215 -0.915470
5.232016 2.219860 -2.478822
5.182716 2.190759 -2.119128
5.133129 2.181106 -2.513766
-nan -nan -nan
-nan -nan -nan
5.033245 2.242759 -3.087955
5.002423 2.243954 -3.318131
4.975601 2.239139 -3.014702
4.957020 2.217509 -3.081930
4.967016 2.228367 -3.305134
4.968572 2.217483 -3.685390
4.940308 2.174320 -3.148875
4.931867 2.166051 -2.971459
4.960515 2.198024 -3.622821
4.935251 2.193455 -3.841469
4.901176 2.159527 -3.122100
4.910031 2.187817 -3.799963
4.857067 2.142471 -3.281434
4.844089 2.142886 -2.926782
4.824956 2.143923 -3.278875
4.810355 2.137521 -3.327774
4.785490 2.126154 -3.231610
4.805373 2.173269 -4.227012
4.797055 2.179069 -3.978742
4.795898 2.177542 -4.200445
4.772347 2.165648 -4.110297
4.763025 2.171376 -4.103867
4.747241 2.158667 -4.319921
4.745001 2.175766 -4.260287
4.723411 2.151217 -4.536573
4.717189 2.155969 -4.544693
4.704958 2.154650 -4.680939
4.686743 2.139819 -4.855807
4.672707 2.147722 -5.091688
4.652163 2.123426 -4.885642
4.647566 2.115711 -5.255892
4.634774 2.122002 -5.234197
4.617479 2.115746 -5.025721
4.603610 2.103127 -4.516796
4.588959 2.103852 -4.415337
-nan -nan -nan
4.585463 2.097188 -3.557992
4.552300 2.040809 -4.372702
4.544156 2.042088 -4.329212
4.570086 2.086146 -3.058855
4.583061 2.108505 -3.177661
4.524954 2.051839 -4.059706
4.497534 2.044718 -4.026116
4.491285 2.109967 -2.270608
4.501738 2.108968 -2.334168
4.520538 2.094512 -2.546445
4.521030 2.094623 -2.551362
4.506011 2.089020 -2.624770
4.504123 2.089516 -2.617125
4.504867 2.102122 -2.274499
4.500620 2.102842 -2.502438
4.496438 2.102776 -2.471435
4.488927 2.096430 -2.591039
4.425628 2.111521 -2.321997
4.513792 2.093952 -2.740659
4.459364 2.037636 -3.920418
4.513874 2.094252 -2.744877
4.506255 2.088813 -2.874027
4.498620 2.070126 -2.342913
4.507723 2.088905 -2.635742
4.506855 2.095180 -2.705227
4.505062 2.088444 -2.610956
4.499383 2.082669 -2.750255
4.503038 2.095942 -2.436824
4.509313 2.096756 -2.492039
4.513010 2.104197 -2.608553
4.503782 2.105972 -2.562956
4.509255 2.107050 -2.615615
4.502535 2.107949 -2.577690
4.501802 2.108456 -2.328481
4.498806 2.109731 -2.572108
4.497315 2.110933 -2.325745
4.497399 2.105411 -2.510046
4.506132 2.118919 -2.235473
4.501469 2.120710 -2.223051
4.501890 2.121023 -2.229851
4.505146 2.127467 -2.080668
4.503158 2.134607 -1.901500
4.459768 2.080550 -3.192224
4.499065 2.137122 -1.901693
4.493243 2.139110 -1.883053
4.461616 2.089765 -3.066039
4.464993 2.083809 -3.018417
4.468432 2.091485 -3.135107
4.516387 2.141091 -1.825630
4.520177 2.148593 -1.692969
-nan -nan -nan
-nan -nan -nan
-nan -nan -nan
4.416386 2.163544 -0.870748
4.426853 2.169331 -0.762802
4.430942 2.163087 -0.718661
4.452211 2.161533 -0.852363
4.453668 2.161356 -0.610734
4.457699 2.160337 -0.377685
4.446788 2.159473 -0.289242
4.485657 2.143808 -0.633889
4.500397 2.147739 -0.537825
4.497428 2.146595 -0.252573
4.505696 2.137479 -0.454291
4.499473 2.141925 -0.211897
4.511843 2.126813 -0.371668
4.504083 2.124092 -0.282543
4.517381 2.114480 -0.264123
4.514271 2.112042 -0.212140
4.513297 2.103022 -0.346479
-nan -nan -nan
4.509259 2.085346 -0.353823
4.507828 2.082512 -0.309194
-nan -nan -nan
4.467904 2.071825 -0.144651
-nan -nan -nan
-nan -nan -nan
-nan -nan -nan
-nan -nan -nan
-nan -nan -nan
-nan -nan -nan
-nan -nan -nan
-nan -nan -nan
4.488871 1.927365 -2.013717
4.541454 1.975202 -0.731021
4.542669 1.971782 -0.696940
4.552774 1.960699 -0.630173
4.543739 1.950987 -0.693812
4.541116 1.940864 -0.547841
4.506420 1.870167 -1.910836
4.493724 1.853245 -1.858723
4.532145 1.916555 -0.677794
4.500164 1.838137 -1.958756
4.482194 1.806751 -1.435108
4.497464 1.816988 -1.668639
4.501901 1.813047 -1.897478
4.485595 1.788882 -1.726742
4.487929 1.785239 -1.694918
4.480309 1.767689 -1.667106
4.480790 1.764120 -1.623827
4.500966 1.758981 -1.938899
4.487720 1.734050 -1.776037
4.485289 1.723348 -1.619831
4.495000 1.711594 -1.777612
4.491651 1.700624 -1.861152
4.503664 1.688512 -2.027638
4.506953 1.676897 -2.144125
4.521510 1.694833 -0.726847
4.496408 1.640738 -2.093773
4.492712 1.622568 -1.826562
4.496482 1.618421 -2.044188
4.486146 1.593070 -1.888030
4.481820 1.574449 -1.859376
4.481751 1.563518 -1.960466
4.482641 1.567601 -2.021362
4.474525 1.541312 -2.114599
4.478317 1.537646 -2.087160
4.468874 1.511520 -1.923645
4.474155 1.492351 -1.941027
4.471785 1.489030 -2.131441
4.472429 1.470247 -2.125748
4.471797 1.443766 -2.004728
4.475068 1.448422 -2.338142
4.503991 1.459428 -1.908370
4.513074 1.478579 -0.978655
4.519940 1.459713 -1.005644
4.516586 1.449485 -1.092703
4.524858 1.430883 -1.129314
4.527587 1.420332 -1.246191
4.516595 1.402907 -1.186620
4.509629 1.392725 -1.002940
4.528044 1.381431 -1.196749
4.524052 1.371448 -1.281897
4.516239 1.361669 -1.348624
4.528076 1.342883 -1.395646
4.514793 1.333680 -1.190283
4.521676 1.346607 -1.663541
4.511210 1.305821 -1.270395
4.517781 1.295506 -1.156945
4.521855 1.277160 -0.663027
4.509176 1.251936 -0.729668
4.513885 1.257665 -0.337621
4.505313 1.232253 -0.173040
4.506462 1.238277 -0.016757
4.515969 1.219659 -0.043678
4.504149 1.202558 0.016992
4.633080 1.191575 -0.239210
4.588225 1.184847 -0.151179
4.572649 1.168198 -0.071453
7.800745 1.176113 3.865646
4.528060 1.150847 0.161143
4.569880 1.130310 0.011653
4.558656 1.105029 0.197969
4.558062 1.095312 0.347609
4.548501 1.094301 0.158735
4.551254 1.076227 0.168769
4.552446 1.074639 0.437196
4.547632 1.065268 0.351781
4.532118 1.032027 0.677211
4.556801 1.037277 0.484867
4.554532 1.019800 0.512145
4.523582 1.011970 0.519953
4.543267 1.001238 0.346405
4.561378 0.990751 0.177015
4.509436 0.984084 0.005429
4.491500 0.942704 -1.789670
4.498925 1.006507 -1.039151
4.485714 0.915696 -2.354482
4.488499 0.906074 -2.468460
4.486990 0.855070 -1.929843
4.503703 0.944189 -1.862454
4.480080 0.819757 -2.109971
-25.360276 6.764809 -11.463027
-23.620092 6.399954 -11.442175
-22.580869 5.893735 -10.908649
-20.660345 5.382014 -10.635490
-22.132804 5.682701 -10.679893
-21.575982 5.426491 -10.396781
-23.150711 5.722189 -10.408832
-22.859295 5.591958 -10.271013
-23.724498 5.523656 -9.876942
-26.800912 6.334925 -10.316777
-28.825784 6.599888 -10.160636
-31.991016 7.232930 -10.251910
-nan -52.428303 -nan
-33.691206 7.972607 -10.825966
-33.818923 8.029798 -10.869272
-33.340549 6.980531 -9.584236
-33.080957 6.879351 -9.506454
-30.584257 6.650978 -9.780272
-nan -50.571048 -nan
-nan -49.672640 -nan
-nan -45.366291 -nan
-nan -48.658395 -nan
-nan -47.776057 -nan
-35.591488 6.960553 -9.072225
0.855586 0.598944 -4.792121
0.789122 0.593341 -4.703941
-51.195154 0.000000 14.500000
0.927585 0.568877 -4.598746
-59.515210 0.000000 14.000000
-63.541516 0.000000 13.250000
-54.871009 0.000000 13.500000
-73.956334 0.000000 12.750000
-45.487219 0.000000 13.000000
-14.970270 -38.499991 -46.928408
-51.281019 0.000000 12.000000
-28.537742 5.851877 -9.099203
-28.181043 3.945215 -6.223000
-24.337123 3.479690 -6.141775
-24.534231 3.078884 -5.406098
-23.899046 5.138811 -9.151499
-23.894681 5.137102 -9.149737
-23.188167 4.440577 -8.103320
-103.536012 0.000000 9.250000
-28.372222 -20.954615 -20.946928
-30.234446 -8.669895 -7.276118
-29.666440 4.971219 -7.518447
-29.994545 3.770706 -5.417666
7.857092 0.375895 39.565881
-1037.641750 0.000000 4.750000
-227.364392 0.000000 7.250000
-211.039523 0.000000 4.250000
-1178.139913 0.000000 6.750000
7.454813 0.302153 120.003971
-104.290382 0.000000 3.750000
-43.686191 0.000000 0.250000
-37.205847 0.000000 3.250000
-21.129464 0.000000 0.000000
-13.931446 1.170680 -3.055496
-16.421773 1.317075 -3.086992
-9.743780 0.756261 -2.440537
-6.922272 0.451401 -1.732677
-6.304545 0.344699 -1.380398
-5.607325 0.208228 -0.876707
-5.276517 0.191177 -0.824979
-2.797794 0.115544 -0.613081
-3.112286 0.094435 -0.486904
-1.514275 0.126376 -0.760999
-1.747908 0.121237 -0.712564
-2.577139 0.074443 -0.403249
-2.323851 0.078640 -0.436430
-3.280837 0.020200 -0.102595
-0.499325 0.114183 -0.769683
-1.790588 0.067074 -0.392518
-1.082051 0.102358 -0.645716
-2.171788 0.060313 -0.339730
-2.468195 -0.042310 1.018426
-4.418897 0.000000 0.000000
-3.934268 0.000000 0.000000
7.986680 0.096587 15.602230
7.983549 0.092301 20.855836
7.982794 0.087381 22.889189
7.991996 0.084870 11.137275
7.981623 0.078916 0.608817
7.983051 0.074248 0.608567
7.983909 0.069410 0.551986
7.983842 0.065726 0.561405
7.977717 0.060416 0.495503
7.983384 0.056069 0.507211
7.990064 0.048895 0.486308
-nan -nan -nan
-nan -nan -nan
-nan -nan -nan
-nan -nan -nan
-nan -nan -nan
-nan -nan -nan
-nan -nan -nan
-nan -nan -nan
-nan -nan -nan
-nan -nan -nan
-nan -nan -nan
-nan -nan -nan
-nan -nan -nan
-nan -nan -nan
-nan -nan -nan
-nan -nan -nan
-nan -nan -nan
-nan -nan -nan
-nan -nan -nan
-nan -nan -nan
-nan -nan -nan
-nan -nan -nan
-nan -nan -nan
-nan -nan -nan
-nan -nan -nan
-nan -nan -nan
-nan -nan -nan
-nan -nan -nan
-nan -nan -nan
-nan -nan -nan
-nan -nan -nan
-nan -nan -nan
-nan -nan -nan
-nan -nan -nan
-nan -nan -nan
-nan -nan -nan
-nan -nan -nan
-nan -nan -nan
-nan -nan -nan
-nan -nan -nan
-nan -nan -nan
-nan -nan -nan
-nan -nan -nan
-nan -nan -nan
-nan -nan -nan
-nan -nan -nan
-nan -nan -nan
-nan -nan -nan
-nan -nan -nan
-nan -nan -nan
-nan -nan -nan
-nan -nan -nan
-nan -nan -nan
-nan -nan -nan
-nan -nan -nan
-nan -nan -nan
-nan -nan -nan
-nan -nan -nan
-nan -nan -nan
-nan -nan -nan
-nan -nan -nan
-nan -nan -nan
-nan -nan -nan
-nan -nan -nan
-nan -nan -nan
-nan -nan -nan
-nan -nan -nan
-nan -nan -nan
-nan -nan -nan
-nan -nan -nan
-nan -nan -nan
-nan -nan -nan
-nan -nan -nan
-nan -nan -nan
-nan -nan -nan
-nan -nan -nan
-nan -nan -nan
-nan -nan -nan
-nan -nan -nan
-nan -nan -nan
-nan -nan -nan
-nan -nan -nan
-nan -nan -nan
-nan -nan -nan
-nan -nan -nan
-nan -nan -nan
-nan -nan -nan
-nan -nan -nan
-nan -nan -nan
-nan -nan -nan
-nan -nan -nan
-nan -nan -nan
-nan -nan -nan
-nan -nan -nan
-nan -nan -nan
-nan -nan -nan
-nan -nan -nan
-nan -nan -nan
-nan -nan -nan
-nan -nan -nan
-nan -nan -nan
-nan -nan -nan
-nan -nan -nan
-nan -nan -nan
-nan -nan -nan
-nan -nan -nan
-nan -nan -nan
-nan -nan -nan
-nan -nan -nan
-nan -nan -nan
-nan -nan -nan
-nan -nan -nan
-nan -nan -nan
-nan -nan -nan
-nan -nan -nan
-nan -nan -nan
-nan -nan -nan
-nan -nan -nan
-nan -nan -nan
-nan -nan -nan
-nan -nan -nan
-nan -nan -nan
-nan -nan -nan
-nan -nan -nan
-nan -nan -nan
-nan -nan -nan
-nan -nan -nan
-nan -nan -nan
-nan -nan -nan
-nan -nan -nan
-nan -nan -nan
-nan -nan -nan
-nan -nan -nan
-nan -nan -nan
-nan -nan -nan
-nan -nan -nan
-nan -nan -nan
-nan -nan -nan
-nan -nan -nan
-nan -nan -nan
-nan -nan -nan
-nan -nan -nan
-nan -nan -nan
-nan -nan -nan
-nan -nan -nan
-nan -nan -nan
-nan -nan -nan
-nan -nan -nan
-nan -nan -nan
-nan -nan -nan
-nan -nan -nan
-nan -nan -nan
-nan -nan -nan
-nan -nan -nan
-nan -nan -nan
-nan -nan -nan
-nan -nan -nan
-nan -nan -nan
-nan -nan -nan
-nan -nan -nan
-nan -nan -nan
-nan -nan -nan
-nan -nan -nan
-nan -nan -nan
-nan -nan -nan
-nan -nan -nan
-nan -nan -nan
-nan -nan -nan
-nan -nan -nan
-nan -nan -nan
-nan -nan -nan
-nan -nan -nan
-nan -nan -nan
-nan -nan -nan
-nan -nan -nan
-nan -nan -nan
-nan -nan -nan
-nan -nan -nan
-nan -nan -nan
-nan -nan -nan
-nan -nan -nan
-nan -nan -nan
-nan -nan -nan
-nan -nan -nan
-nan -nan -nan
-nan -nan -nan
-nan -nan -nan
-nan -nan -nan
-nan -nan -nan
-nan -nan -nan
-nan -nan -nan
-nan -nan -nan
-nan -nan -nan
-nan -nan -nan
-nan -nan -nan
-nan -nan -nan
-nan -nan -nan
-nan -nan -nan
-nan -nan -nan
-nan -nan -nan
-nan -nan -nan
-nan -nan -nan
-nan -nan -nan
-nan -nan -nan
-nan -nan -nan
7.957076 0.043369 89.704528
-nan -nan -nan
-nan -nan -nan
-nan -nan -nan
-nan -nan -nan
-nan -nan -nan
-nan -nan -nan
-nan -nan -nan
-nan -nan -nan
-nan -nan -nan
-nan -nan -nan
-nan -nan -nan
-nan -nan -nan
-nan -nan -nan
-nan -nan -nan
-nan -nan -nan
-nan -nan -nan
-nan -nan -nan
-nan -nan -nan
-nan -nan -nan
-nan -nan -nan
-nan -nan -nan
-nan -nan -nan
-nan -nan -nan
-nan -nan -nan
-nan -nan -nan
-nan -nan -nan
-nan -nan -nan
-nan -nan -nan
-nan -nan -nan
-nan -nan -nan
-nan -nan -nan
-nan -nan -nan
-nan -nan -nan
-nan -nan -nan
-nan -nan -nan
-nan -nan -nan
-nan -nan -nan
-nan -nan -nan
-nan -nan -nan
-nan -nan -nan
-nan -nan -nan
-nan -nan -nan
-nan -nan -nan
-nan -nan -nan
-nan -nan -nan
-nan -nan -nan
-nan -nan -nan
-nan -nan -nan
-nan -nan -nan
-nan -nan -nan
-nan -nan -nan
-nan -nan -nan
-nan -nan -nan
-nan -nan -nan
-nan -nan -nan
-nan -nan -nan
-nan -nan -nan
-nan -nan -nan
-nan -nan -nan
-nan -nan -nan
-nan -nan -nan
7.077826 0.062941 172.595424
7.114500 0.064505 172.083580
7.151868 0.061521 172.101218
7.254221 0.053464 172.149529
7.047226 0.065255 172.581956
7.155392 0.057142 172.629552
7.212310 0.052945 172.654620
7.247823 0.053963 172.146489
7.993922 0.043993 15.866657
7.996833 0.043831 8.383226
7.990496 0.043521 24.818875
7.985132 0.044504 37.223107
7.243514 0.050665 172.668354
7.975021 0.043778 59.708053
7.971047 0.042985 68.213018
7.966699 0.043452 75.216260
7.964725 0.042458 79.720645
7.962865 0.043152 81.714046
7.960653 0.042242 86.217952
7.963860 0.042752 80.709376
7.962190 0.042407 83.720270
7.963300 0.042633 81.722613
7.966377 0.043899 75.199227
7.977742 0.044247 53.704399
7.982766 0.043822 43.218320
7.976158 0.043969 57.219214
7.979722 0.043557 50.214444
7.978479 0.043708 52.715406
7.979686 0.043626 50.218028
7.979637 0.044265 49.703664
7.973367 0.043941 62.720387
7.973938 0.044318 61.209091
7.972732 0.043261 64.473507
7.974115 0.044012 61.211023
7.973388 0.044374 62.201453
7.974487 0.043371 61.215974
7.975636 0.043566 58.715530
7.977725 0.044307 53.690862
7.973003 0.043264 64.214338
7.975998 0.043831 57.705472
7.973830 0.043157 62.732679
7.971481 0.043557 66.715080
7.971906 0.044164 65.211154
7.975046 0.044669 58.688975
7.977452 0.043384 55.212514
7.976098 0.043639 57.710041
7.976761 0.043315 56.714691
7.973816 0.043181 62.732109
7.973687 0.043422 62.715488
7.974653 0.043968 60.213132
7.973500 0.043291 63.221673
7.975977 0.043862 57.709306
7.979656 0.043199 50.717050
7.975867 0.043133 58.727529
7.974090 0.044497 60.712073
7.979710 0.043067 50.726548
7.974062 0.044099 61.213412
7.977137 0.044494 54.696406
7.975536 0.043286 59.224001
7.976346 0.043629 57.214682
7.980822 0.043661 47.712908
7.977264 0.044719 54.199436
7.980049 0.043809 49.234950
7.982819 0.044875 42.199979
7.982645 0.044090 43.235641
7.983864 0.044384 40.228892
7.985790 0.043771 36.236135
7.981999 0.044575 44.240497
7.987500 0.043589 32.251955
7.988793 0.044189 28.731383
7.979813 0.044897 48.710503
7.989494 0.042927 27.752261
7.984789 0.043605 38.731127
7.985898 0.043440 36.234668
7.985505 0.043968 36.746201
7.983962 0.044103 40.234314
7.983804 0.044608 40.204673
7.980627 0.044060 47.735087
7.985530 0.043263 37.244111
7.985942 0.043879 35.765224
7.985892 0.044090 35.743628
7.983313 0.044711 41.216358
7.983064 0.043569 42.742175
7.980650 0.044001 47.738143
7.981566 0.044568 45.220290
7.983546 0.044668 40.721472
7.985291 0.044008 37.231218
7.981849 0.043850 45.236222
7.981380 0.045059 45.201937
7.977673 0.045865 51.707064
7.977016 0.046722 52.694109
7.979157 0.047493 47.695629
7.975968 0.048332 52.937535
7.973479 0.050596 55.412070
7.976058 0.050979 49.906603
7.980836 0.052261 40.138133
7.982998 0.053522 34.872932
7.966475 0.055532 61.869385
7.958612 0.059488 69.327488
7.948382 0.059525 -1.569040
7.732436 0.051296 156.147184
7.974297 0.063420 41.811462
7.959366 0.064871 61.561912
7.138263 0.087473 -2.046095
4.437102 0.086226 -0.636348
4.790214 0.092249 -0.896215
7.935324 0.071182 -2.741462
4.651599 0.186744 0.057854
4.552701 0.085609 -1.172577
5.870995 0.136403 -2.665873
6.672913 0.145250 -4.996162
7.869872 0.087271 103.402084
7.963535 0.100147 30.007069
7.972218 0.109183 18.026121
7.942003 0.115333 41.946186
7.926441 0.123952 49.186855
7.929338 0.134776 40.167553
7.920283 0.149805 40.019366
7.927121 0.163532 31.020344
7.899467 0.176194 41.208245
7.914201 0.199787 29.241150
7.889727 0.218011 35.830970
7.881970 0.238204 34.858319
7.868141 0.250111 33.298200
7.861313 0.270072 31.431304
7.810632 0.285724 43.285097
7.826548 0.306890 34.474875
7.837945 0.339620 29.508952
7.877315 0.361163 15.012343
7.818150 0.379223 28.869223
7.845506 0.403801 19.686824
7.815324 0.420985 24.685879
7.806938 0.443800 24.260010
7.828927 0.467799 17.337290
7.797676 0.488490 21.748487
7.789723 0.511813 21.585193
7.804698 0.536701 16.246082
6.503888 0.618523 -22.461198
6.496716 0.638793 -23.022195
6.472410 0.658789 -23.328631
6.455455 0.688445 -24.023815
6.439054 0.712445 -24.532850
6.413151 0.727869 -24.640353
6.419124 0.751350 -25.420541
6.373751 0.779558 -25.611163
6.384388 0.789814 -25.802316
6.369180 0.820834 -26.717296
6.354305 0.839852 -27.036717
6.332852 0.867731 -27.496462
6.344116 0.897188 -28.449643
6.361500 0.918634 -29.277418
6.410855 0.946814 -30.786541
6.464993 0.954008 -31.860979
6.511337 0.994016 -33.731991
6.537700 1.030282 -35.167096
6.552882 1.078247 -36.689782
6.596022 1.119268 -38.562267
6.622791 1.162628 -40.170788
6.673429 1.206542 -42.287114
-8.896702 0.000000 0.000000
4.731033 1.850516 -29.513582
5.606968 1.721141 -35.724837
6.481290 1.506749 -44.773476
6.867044 1.377323 -49.810023
7.525472 1.144524 -8.730742
-nan -nan -nan
7.032217 0.937168 -5.579281
6.633297 0.421092 -10.374475
-nan -nan -nan
7.942276 0.201139 -6.987334
7.871080 0.349520 -12.003531
7.632697 0.537428 -34.399494
7.431120 0.453680 -12.822232
7.791743 0.274890 33.147569
-nan -nan -nan
-nan -nan -nan
-nan -nan -nan
-nan -nan -nan
6.950391 0.907367 0.657229
-nan -nan -nan
-nan -nan -nan
-nan -nan -nan
-nan -nan -nan
-nan -nan -nan
7.780294 1.391288 -40.276195
-nan -nan -nan
-nan -nan -nan
-nan -nan -nan
-nan -nan -nan
-nan -nan -nan
-nan -nan -nan
-nan -nan -nan
-nan -nan -nan
-nan -nan -nan
-nan -nan -nan
-nan -nan -nan
-nan -nan -nan
-nan -nan -nan
-nan -nan -nan
-nan -nan -nan
-nan -nan -nan
-nan 1.448780 -nan
-nan -nan -nan
-nan -nan -nan
-nan -nan -nan
-nan -nan -nan
-nan -nan -nan
-nan -nan -nan
-nan -nan -nan
-nan -nan -nan
7.025515 0.954228 0.851746
7.911595 0.204693 -7.640911
7.912129 0.207079 -7.756721
6.945717 1.048361 3.411382
-nan -nan -nan
-nan -nan -nan
6.938456 1.035605 3.708629
-nan -nan -nan
6.847606 1.154561 6.196164
7.826266 0.344771 -8.005950
7.991313 0.068748 -7.298042
6.861670 1.090786 2.471842
6.785151 1.089463 2.364619
6.758038 1.118181 3.752204
6.757248 1.052809 2.480070
6.538450 0.809360 -2.726300
7.688077 0.181553 -21.201316
7.975221 0.069856 -7.219538
7.980482 0.071988 -13.580009
7.974577 0.069642 -6.445392
-nan -nan -nan
7.973034 0.069520 -5.299516
7.894509 0.293744 -14.995516
7.902001 0.248894 -23.258535
7.930722 0.259743 -32.315980
7.959371 0.064000 10.908249
urg_get_distance: no response.
